s11	s12	s21	s22	s31	s32	labels
-1160.14257370414	-293.917543637391	0.0780910559587786	0.136400988179328	-1514.81610729167	-66.9468325271589	2
-1269.12244319365	15.6301818433981	0.0882402253251272	0.0012055309107245	-1569.82169613442	-9.11433796359907	2
-995.793888959456	39.1567432439454	0.0717190873193463	-0.0171397845546186	-1229.23753733015	-39.8603953603172	2
407.180802531355	-67.3803198226747	-0.0149924890671229	0.0310649930597422	483.719450692698	-32.130356611586	2
-930.341180154302	189.340741578037	0.0693767703233003	-0.0904736868555064	-1223.59351517559	217.050799734433	2
211.591259012329	-79.8774462577304	-0.00324831353611639	0.0395948154618859	270.014313429563	4.43929420127854	2
-821.210899886441	-47.1496699416575	0.0602580007414522	0.0306897240569839	-1015.06507250171	-25.9384200506677	2
25.0899775836084	-74.1860146062867	0.00805670461276568	0.0340519103558768	39.4699684054452	19.885141066407	2
191.292834426522	-42.1264896243101	-0.00162120208343542	0.0218188577752669	227.132564190051	2.38669607478886	2
238.292863180837	-65.3865069177033	-0.00485558927096514	0.0317968963408167	293.777450416152	16.4218729306749	2
-304.687818061543	-17.7250598373939	0.0289347179643838	0.0122420516837297	-357.152988273052	132.954878447747	2
-424.361128280378	-109.220299731534	0.0352836135906379	0.0561091405271101	-512.676893532136	-67.908573847796	2
-634.514335158012	167.205435736389	0.0509572380169146	-0.0874514201080383	-781.610102923958	250.995287877119	2
-63.0426906346309	111.67757566869	0.0156094026623755	-0.052710874073571	-60.5113977484741	120.688863999516	2
196.441209538522	29.6579342460915	-0.00109183096678003	-0.0122078153006914	241.477314423139	40.7324287539933	2
-56.0046828322802	-29.1483485773346	0.0136336265544165	0.0167722559229826	-56.7122657733163	96.6026380910194	2
-235.858119542403	-108.425642959792	0.0237132334018577	0.0549293300237433	-239.216659364297	135.010098589932	2
-447.392779663905	-102.151566442182	0.0367634227435206	0.052791652667147	-492.664839479137	21.8506446080739	2
-1615.09345259281	-270.333351057344	0.106206407235923	0.136884754915729	-1894.64494954059	-221.889996460929	2
191.621045401317	12.2591776674747	-0.000977745531632513	-0.00452563043523604	219.520925614208	10.5647383688162	1
285.051274932582	14.557361895064	-0.00664096509142531	-0.00505389364541696	349.722573291575	-2.60711253012163	1
683.583952326761	-32.5761260158656	-0.03121599574813	0.0126248762630693	810.768581170329	-72.1952124610314	1
-112.560458841241	-9.16055398838375	0.0173562468887448	0.00613742992402029	-137.359988947672	-18.0058379905275	2
-1873.73311600488	-260.196055333021	0.122153527446346	0.138021168694773	-2078.80408727533	-370.048986779989	2
-1273.73065658988	-479.321418737536	0.0831065756139514	0.236413108662513	-1669.5451065075	-28.3463756421308	2
-634.87976852435	-79.9316762501581	0.0483431524578219	0.0338991592285037	-770.521287801151	-85.8916878135671	2
-8.59184125743822	-16.9844205449663	0.0109185044848503	0.0127331628093077	-13.6036099168654	78.9502888510019	2
-677.784525911767	104.824661965016	0.0529547527529994	-0.0527979579740582	-874.193225734716	186.178265392833	2
-373.719881493922	-135.334762752177	0.0319515621380372	0.0704619107672897	-401.595327357576	-46.331331916431	2
-453.678088814327	77.3999546756555	0.0390992653375722	-0.0352985562022635	-594.317447187366	173.571901914385	2
-903.981278950961	-38.9101876613203	0.0652282519833726	0.017646547096961	-1157.25999144848	17.8507471857285	2
103.689311538016	-187.685324305204	0.00211900396430797	0.090953572350952	143.279422480588	33.5864948031404	2
-524.945202511868	-31.2276266015031	0.0422133572324818	0.0164098365914392	-642.732078250434	-64.6323456322677	2
-1062.17158556026	-50.2401488774744	0.074914441751713	0.0320806870789601	-1276.72076637381	-154.666418334818	2
-404.3859342192	-67.0795449236639	0.0345829566412682	0.0390379571747123	-453.324729494332	58.2925707386686	2
-410.049755924833	2.86413189728246	0.0356443777558724	0.00308935103903069	-516.407242177552	39.4782410607829	2
80.6577945765555	23.363527333296	0.00593849617143279	-0.00885340484968212	87.1570747094349	39.8508251557652	2
355.877849735139	61.5355661742488	-0.0104692092966303	-0.0294354343555089	421.794950525438	-22.0018092210414	1
128.973155873938	132.606887013855	0.00399284132358166	-0.0791508183599387	185.240599333649	216.477848240506	2
170.245722780923	-9.05487529849694	9.14828972306506e-05	0.00720326674420631	192.393959296102	-22.6183519140718	2
127.994760777748	-30.6874982264146	0.0023374693272574	0.0172672902068693	143.745089709441	-25.1130695458692	2
462.028007692727	-52.8025873877325	-0.0182158688214559	0.024118618112906	560.017331402055	-46.2227187857743	2
-897.027427079097	-15.1720525110564	0.0651315425735385	0.00676578259958175	-1142.64179988254	7.88828661859806	2
34.3752014603966	-107.672761496411	0.00716198729700054	0.0542370380393126	83.8837060102907	37.8607342773456	2
184.707362626109	-33.0806588523479	-0.00108413013277081	0.0192470118664584	228.242119595804	22.1578841260128	2
-807.564573293927	4.27138033525125	0.0599393147654269	0.00239587305648192	-1045.2869085078	51.4317491882496	2
783.838667793367	-56.8265559914669	-0.037575732942851	0.0248820594109582	938.712291493144	-82.0663877472944	1
166.757183499781	-40.0146842085497	-0.000107020307504764	0.0208828202984057	208.632857574287	13.6689120277607	2
362.699506610377	-21.2153952407932	-0.0117795371517645	0.0101656051803474	425.264474555821	-31.2334228525149	1
205.111744400931	13.9402872509095	-0.00185025209831939	-0.0054998505100378	258.037800107363	17.8986343817865	1
430.034079805523	-5.31968508948595	-0.0157651871423706	-0.000514521822210764	520.170752785543	-41.6388006682277	1
235.893530283647	45.1306052076736	-0.00331162875073684	-0.0197113992530258	270.90563608199	34.2899953941998	1
416.469506836536	-2.57068803030537	-0.0148568137251404	0.00065489742141674	488.25752994214	-38.3355743250992	1
-576.360307850478	95.4517242241529	0.0466414596867574	-0.0503143118417784	-689.643841131138	109.294735169239	2
-157.404078938225	-28.1567475217109	0.0198111578573418	0.0178090059717197	-185.818620342527	118.332635113989	2
448.982719206815	-16.1412001472347	-0.0169975064213417	0.00556620572977776	532.881846017572	-48.3865004055951	1
-1342.13856545615	-231.148270005599	0.0899544828632223	0.116537966996314	-1717.58858518308	-44.7610991831694	2
-90.9989493837416	-52.6642487302202	0.0154474049209339	0.0269939637708109	-100.106038112429	101.470890219584	2
286.145435874516	23.9332982437365	-0.00668197385568802	-0.0135949568415762	321.099604558039	-23.6900631741565	1
744.091834820347	-54.3008274679475	-0.0350925424626387	0.0240214924999819	900.77730946218	-79.7712307917329	1
616.729720715595	-27.7352453151269	-0.0272004977997397	0.00713333480633727	734.625091076608	-66.9144918333621	1
745.600807968906	-56.164542952274	-0.0353309764957005	0.0229656348483147	915.298637965714	-81.4869220506939	1
-64.4083862104587	-48.4699559340349	0.0138385029157661	0.0208130438948037	-70.294534147198	-16.2467066712312	2
693.961699330893	-41.2211875912954	-0.0319881357548391	0.015304144062413	843.831197098355	-74.8308114617683	1
74.276804632985	-137.543070740907	0.0043346488148686	0.0669925660616876	69.0814264429688	-9.94859829063746	2
-45.175429675415	-11.5226590249196	0.0131147216131043	0.00723274637574785	-45.4584801802078	50.4817419057154	2
672.376704012072	-44.882462407817	-0.0307889574546448	0.0185907713886317	805.921819899945	-71.4825832574021	1
490.879529184278	-8.46032004072254	-0.0194192953942972	0.00197331864276446	582.717638682484	-50.8505804530732	1
687.223199156667	-57.7959675050649	-0.0317840011777834	0.0242500611183086	822.072291101797	-74.1104591905129	1
358.981872872024	38.7104911542981	-0.0108999324967476	-0.0188931754422486	418.314032964784	-32.0991096403851	1
-1092.40104784069	-105.035759271782	0.0760898606901214	0.0538793960628574	-1350.11038484385	-115.827245286006	2
724.66258299532	-42.2281051532556	-0.0338425947136113	0.0152890505974365	875.085099582825	-77.0558583052843	1
-828.581198498052	-180.6678686961	0.0591831168663757	0.0922845009881668	-1093.01929453216	200.841140488358	2
95.5563616496118	-25.0173428299671	0.00448148705693337	0.0151815686514371	130.709545070366	63.42332344388	2
327.21552272129	-17.5942477944032	-0.00961158199185402	0.00866358551290602	377.154031761613	-33.4067409655077	1
-379.602386519663	-38.2014227846914	0.0332080231304797	0.0160765726312514	-411.941571922634	7.35921672091354	2
285.278119234936	61.3464750354354	-0.00615321263881913	-0.0312527688526346	342.676500281474	3.96454547771881	1
-811.390004530354	-77.4173801002321	0.0590691345985996	0.0299409114050594	-1119.65988124171	173.377227909166	2
-946.865857931173	120.574151095789	0.0696042528349378	-0.0609401249449002	-1181.38472561488	80.7273768846364	2
299.250195853401	7.07830339312575	-0.00764686958288321	-0.00313750905318337	344.479507197156	-17.1228861237394	1
436.503939330712	-32.4503344863803	-0.016482159521759	0.013073236975058	526.255546349905	-43.3368175446083	1
298.362655940329	22.672177339166	-0.00736410208158892	-0.00895428156591681	345.462718895432	-22.9799403652801	1
-2077.40593868491	173.518338513359	0.139298655189725	-0.0744846171605378	-2336.17140924478	-182.784559204574	2
-606.824326559797	191.923370356038	0.0496575081404351	-0.0907780566187084	-778.394247516103	238.84341995821	2
378.661385859514	-18.8409956543015	-0.012736231612588	0.00915331039411317	447.301714634787	-32.9805583825351	1
-838.236033539415	-15.4744077706443	0.0615356056947568	0.010225055302211	-1035.61289733591	-105.349357907553	2
64.4630843368387	31.6412662515012	0.00693413242120563	-0.0157819086461019	65.6454461534431	86.3318418947774	2
-854.613798836096	-25.1845306501428	0.0625139648772725	0.0195408685516341	-1085.333410606	-46.8090595438304	2
360.500122588308	-2.82856686638898	-0.0114927322015202	0.000655341775036942	432.312847022895	-28.1017251020271	1
66.7916271457984	37.8367725764551	0.00692430738298745	-0.0189734997957715	69.1285166171014	91.982467295407	1
61.9424844052773	46.6727502771592	0.00721055459147576	-0.0222789421602797	67.045638676505	67.4244660008047	1
4.73708320929715	88.7035158066435	0.0112316683112246	-0.0409556962838209	13.8337661746269	119.441392900192	2
96.5562522492033	-62.3546964328207	0.00390704205081282	0.0303090656585622	98.3501031402713	-8.26503742361777	1
207.47721223676	8.71040658371735	-0.00204023773842639	-0.00370785121811254	246.726441939787	0.0203431232432582	1
-150.753037305933	-31.2663605190332	0.0193998295844447	0.0165102645175677	-216.510020551529	45.5154303546399	2
-1062.20376154928	69.8321700992185	0.0761120557097852	-0.030334543947819	-1314.99295280761	62.667436300306	2
436.373547461813	25.7538378246918	-0.0157635223436459	-0.0147987688829452	511.301798864606	-39.9548143115912	1
628.769295785103	-41.6555921162514	-0.0281098933705657	0.0161548502025666	749.595602981685	-67.9146586909269	1
442.121249532074	-16.2573991703919	-0.0165232181559384	0.0074473739538478	525.515074540047	-46.5734961605295	1
53.1055528266058	17.5963869263451	0.00748565715654749	-0.00646036076516592	67.1419181551918	101.267738266279	2
15.0970253111193	-75.3359462501793	0.00865232475169979	0.0358545432738516	16.2171226828907	-22.0659686019138	2
863.1423077842	-77.3995205667179	-0.0425786504226725	0.034008677840809	1021.33933481693	-88.5366160492849	1
388.027039293508	4.6131898838494	-0.0130902843466772	-0.00271136320240333	473.32451984863	-23.416974141479	1
631.210193667455	-35.8248172211677	-0.0281575645494547	0.015296981454549	769.494073583117	-70.53242138746	1
575.37559361925	-24.8922214323719	-0.0246819966781095	0.00807905802784008	700.912426003156	-62.267949890327	1
110.47836154087	-78.7647610614025	0.00287167718165034	0.0387283186121653	140.798929693549	-1.57925169803815	2
433.855874731503	-21.2105206075547	-0.0161414592297496	0.00849742801800748	522.824899496985	-42.6803459407129	1
387.258589080082	13.4995598029254	-0.0129017243267028	-0.00560531810851234	463.48209681892	-28.630291638062	1
-1716.41922155312	-36.5487343596087	0.114815688360579	0.0142194845351781	-1956.83362236238	-213.021920219638	2
445.594260478975	-33.17914078145	-0.0169884203091451	0.0150321100081327	539.307246244292	-42.2921517948733	1
629.930931808504	-45.668814362699	-0.0281916544325955	0.018060498087742	762.492971835156	-67.6830186526438	1
393.495617859538	34.1547739347151	-0.0130596686127277	-0.0174815035907758	465.536305628629	-37.4243831141527	1
159.550090149741	68.2041740209752	0.00160389756627911	-0.0323217164069907	216.586348249993	113.856911519191	1
600.774542419931	-11.6916160182072	-0.0260554058242243	0.00219092884138327	729.232097910764	-65.1024318610337	1
732.350558469262	-53.7548690671922	-0.0344127995808512	0.0240269804485367	899.247401914484	-78.5589350841326	1
367.752308514236	-30.6879232631816	-0.0122609963768628	0.0135001978893715	449.373650500389	-21.2653006924653	1
736.744005706927	-33.8095509890255	-0.0344606433523811	0.0128725676621843	893.330865928588	-79.2015668747962	1
-198.250721419696	-87.5101414247352	0.0216843352878483	0.0456080162351778	-189.956079855627	156.357198257834	2
-402.217869830766	-93.7147014324317	0.0340543446835282	0.0471302609947623	-471.600636297624	-10.8103052352797	2
-495.886900695947	82.4187856128699	0.0417021681576465	-0.0365851603319764	-606.924978161301	51.4376283554243	2
448.932547303414	-23.2226326939973	-0.0169766878457583	0.011813350993063	536.546960540134	-40.8030395385445	1
-793.467304811141	14.432702278102	0.0590758600282571	-0.0067895243880463	-1027.85779900382	43.3779303587202	2
-1604.79840481311	328.667570009962	0.111636413918126	-0.177315648143059	-1942.68913100301	172.214469624637	2
123.524595579979	58.3016390414511	0.0037176537739563	-0.0261568377392786	144.812312776036	115.346617099935	1
266.553319867757	42.263065146388	-0.00523816380768987	-0.0188144706506828	307.776176363575	6.16545676654386	1
167.747127763285	23.6557325629402	0.000589054076022661	-0.00896877025643467	210.164586955541	46.9119184763523	1
70.6506346565992	-54.0974415610878	0.00559880573156325	0.0296353837982989	80.2135818550505	-19.1318910317822	2
-815.324159052321	72.1538643393849	0.061072332894534	-0.0327808916788597	-1011.11252082003	31.7855401625474	2
90.2469696457949	78.614425122682	0.00592448174093967	-0.0385732067728693	125.411517150139	167.32387212985	1
-885.999273085638	91.8335747601503	0.065654144496356	-0.0383605548976456	-1112.19699814852	156.055986916008	2
391.368533974668	3.83376414321516	-0.0131896013336187	-0.00122705277091659	456.084519928406	-30.5329828347157	1
-284.948132135214	-62.3920145159339	0.0272590672024224	0.0326802285557927	-322.182853230875	-48.3820856886126	2
-332.775687628849	-20.219026487326	0.0306500532528076	0.0135155089399458	-375.332369448762	97.5873157394526	2
-91.1666091784784	69.6907058800927	0.0169308540649043	-0.0297850508664177	-97.5070345055016	111.039420393692	1
-826.132127065073	-8.92460367554836	0.0608730676093096	0.00887959562732059	-1017.47281878373	-62.4775303162512	2
272.443965237603	-9.51646012370523	-0.00624953477366315	0.00484848223440694	328.943699442857	-17.9835619217887	2
406.046032698867	-24.6173487478728	-0.0145173210922545	0.00804636251074985	477.498353609785	-43.3607031814956	1
492.118675833246	-1.0894672287918	-0.0193644761192063	-0.000482146403661657	582.280048067436	-52.5100975785983	1
-93.6953427910328	-26.5917253891526	0.0157877095714692	0.00290627969358436	-130.757138076137	41.507700698464	2
523.163456804263	0.873332816274211	-0.0212324196527729	-0.00424832928225701	625.024210274448	-53.7854905461172	1
652.274805961053	-34.6387044568661	-0.029331446151789	0.0143614400292037	778.882474620258	-69.9743461456336	1
-385.449591257349	-47.3833262045189	0.0334849490717672	0.0215902764902301	-413.170055324247	2.83444006631312	2
457.449128929483	-23.897089425221	-0.0176051518787676	0.00938574490128203	546.519528850851	-47.4669431342298	1
277.648999054179	0.876978342721163	-0.00633751219018914	0.00125460632842419	329.381014941437	-19.8177488080511	1
532.841585430862	-28.4347570152435	-0.0221238896533667	0.0113460001476792	627.497767910524	-56.1801575645343	1
433.332098596912	2.76974958377886	-0.0157973632338207	-0.0031784207368874	530.231193054011	-40.8332764320137	1
363.460535211365	-40.6684586793767	-0.0120776175390697	0.0185034318765101	430.837851987984	-26.9885176577271	2
42.3585519639741	66.6974240597589	0.00869059820202021	-0.0326212730290823	57.1440701436602	132.996449912681	1
105.468675347286	46.5610098250551	0.00470647861770621	-0.019559999392151	136.400261843265	125.567785407303	1
169.629355073324	20.5230770755663	0.000409943423600082	-0.00820448085262851	212.125098176705	42.9306220083828	1
296.311445367448	21.1761856019057	-0.00735027454591878	-0.0127163423346539	343.780965069631	-26.0537947686714	1
776.088603954032	-59.0733781140472	-0.0371930827834118	0.0254235646141127	932.936649044539	-80.9856142592359	1
611.750000825882	-43.8521264884072	-0.0271407097749157	0.0121830226604674	744.177377993818	-66.6720420288799	1
519.561600724581	-5.35418241217112	-0.0210490696027047	0.000814766836602053	620.01922925702	-56.8101983301931	1
234.884740839091	6.37529002477517	-0.00368506978791046	-0.00210238815868663	261.837877614239	-22.4459733604185	1
373.013710757639	-2.35977308182955	-0.0122257347879908	0.00108975267128636	439.77918293716	-27.3559004762849	1
-523.876766913626	46.053748749595	0.0429090437008401	-0.0260285539810866	-654.593249295664	114.413305816196	2
-247.070962443465	114.295915628013	0.0269228067199651	-0.0538688982770614	-250.161623445567	178.772308726914	1
406.209054652486	3.983222262875	-0.0141195781736052	-0.00158873885336188	479.828919882123	-38.1851506266499	1
502.293564918852	-33.5343241673601	-0.0203488980044249	0.0141980665861202	596.166565574045	-53.4091751212204	1
409.978422024515	-26.3022842505685	-0.0147868409321015	0.0083348887651012	479.520080448406	-34.5296482816553	1
-790.62139154699	111.272010991431	0.0598830193676464	-0.0590726129110539	-1006.70226428206	63.237835221701	2
-1448.42835941062	-223.240780611536	0.0965778726352922	0.115134957923923	-1682.94977296451	-263.277854020469	2
379.990839956104	7.11926174133204	-0.0125815455909543	-0.00462604094710846	453.597287482091	-24.8482235991089	1
-1839.36888570484	91.2888973407374	0.123855779086435	-0.0336179535386357	-2094.96633206653	9.51509101504086	2
67.1063180211025	81.3124936755474	0.00735771777902299	-0.0357961445712287	85.6047152492016	151.10546826972	1
555.406210297891	-12.2228727290467	-0.0232638139836264	0.00487296387983914	683.509654511057	-58.0170612298889	1
-446.202675673102	1.22499207446297	0.0377508567638039	-7.95260404056302e-05	-571.310429664482	-10.7532861269237	2
-842.414449560172	-122.192196734944	0.0604827638690843	0.0539341230299036	-1088.80304429823	145.223588279472	2
58.8924816545858	71.7685998200381	0.00776724149732704	-0.0323109529625668	61.1919201079582	119.233030557	1
383.867453220718	8.91186935141406	-0.0127017267904051	-0.00418914955641444	461.855848870605	-30.9219574346874	1
-50.487707511304	-135.395527760094	0.012048209737606	0.0663867427510483	-49.4837492797891	-51.6480796193079	2
-232.515163533075	-44.3849974237643	0.0243388079775103	0.0244901818306824	-256.686561352032	143.378694032964	2
562.095001527468	9.80852548864258	-0.0234388848255356	-0.00805933928975662	665.861909859347	-58.5065112167131	1
563.845042049338	-16.1867353968863	-0.0238460876962718	0.00401704252252106	687.030207805076	-58.7991370051362	1
755.967624032495	-43.8410942058529	-0.0357205514192755	0.0182279471478048	909.186990020072	-80.2304465189331	1
603.444135237203	-47.2085162982704	-0.0266422661374352	0.017959408971993	735.361574300439	-64.869806627876	1
-178.688535671706	100.339218258667	0.0225950765819501	-0.0444234824685716	-194.355035582949	114.824274006535	2
300.734138610958	30.927455172671	-0.00749441787133212	-0.0140580817774311	346.257736228894	-24.0081351899147	1
342.038877345362	35.9439161570801	-0.00988146532096443	-0.0178489902977019	412.92019189859	-29.5290493199085	1
-2828.24143872775	151.248568435653	0.184866955984375	-0.057479712908014	-3056.9233134473	-104.027033545802	2
-1376.39231211085	-65.7598025110311	0.0939407587022627	0.0408354697476186	-1614.29611594899	-222.82654154101	2
-390.19915715566	-106.22410488921	0.033223314344409	0.0562824783297262	-438.58647788831	-54.0050744559203	2
486.023942919709	-1.75371131346137	-0.0190287290384331	-0.00176795771840314	579.706046068065	-51.1433254628367	1
-107.058280164114	-0.382196566016829	0.0170808979785068	0.00577217724840422	-114.32133535512	95.8026283964366	2
555.748839752653	-58.6793616128686	-0.023884371684978	0.0240731465728272	662.269086171248	-59.71897285852	1
-652.582105126626	55.3452680392429	0.0511121501319556	-0.0164460317444568	-793.274790112685	109.076769826213	2
430.248092856244	-14.4061830385595	-0.0158138564180959	0.00620269224329465	514.035942925084	-43.1934953028647	1
453.465836694009	9.49686432848328	-0.0169774656593771	-0.00573561952611181	550.933442376941	-45.3798234854547	1
386.067386401773	9.76166538391769	-0.0128550854295522	-0.0049738278653451	457.902890262251	-35.3542656639074	1
124.350866175495	23.0255897597518	0.00313096653883797	-0.0111536723231503	167.283283751923	108.607704998601	2
333.298359160855	30.3436349946478	-0.00955195892379718	-0.0211853837505925	402.744834289554	-14.6660361031861	1
685.469642038619	-14.7222421098773	-0.0312045955218192	0.00227242980700761	820.870170982603	-73.8164745041405	1
187.830801674276	-94.083800873756	-0.00209942220883157	0.0444511283557359	223.918654148931	-14.7296514692273	2
73.1331619095146	64.2803758463694	0.00688331309376616	-0.028382716356671	94.9269405839303	130.383495578412	2
312.697320701612	26.8228854725924	-0.00820664778210849	-0.0119701740020014	369.574053618217	-28.466022164919	1
96.1624218935998	-18.049561115745	0.00439967148361683	0.00587706908156384	127.631276940075	28.0697579140155	2
-490.818029359175	135.753936547916	0.0419034523941803	-0.0667136717763334	-660.994989585139	178.969324371378	2
-947.873219211566	2.66754679543273	0.0685691994097215	0.00802493678017777	-1151.22750516851	-129.200277717678	2
-132.419750719643	-95.3795705298873	0.0175757941142588	0.0524355349593519	-130.49573940745	134.950387649649	2
308.525887574651	-40.2779117859767	-0.00876849168551322	0.0183607945226655	375.909031156175	-10.6944992677476	1
-461.217812166286	67.936435113055	0.0395250548888789	-0.0267450802049117	-591.660537253853	100.644218539806	2
-1482.60885550277	307.417114019209	0.104442196838208	-0.139738319992724	-1773.57397643836	208.102869202753	2
-204.418598797863	-190.383277162015	0.0207825647945807	0.0929872655321144	-216.715937097201	-68.3815333893485	2
263.623435774102	-42.7685526465755	-0.00604290212341044	0.0199106998370709	319.027735029109	-21.3181597286165	1
-124.670053785418	-3.63417921607194	0.018180732307353	0.00669918971111792	-133.828261083956	67.92247020611	2
658.207459683022	-22.916076219789	-0.0296207774453993	0.00854097359657468	799.915424350247	-72.0778227357881	1
-412.942922853126	42.5929796934719	0.0361640990985059	-0.0206983315198406	-511.27584700898	57.6789735769972	2
272.412737905076	17.9465807239877	-0.00586743606731729	-0.00686070081683797	316.195749909325	1.51204475478882	1
-80.2698919160876	33.4517733480227	0.0159206547119816	-0.0106027943976006	-115.664353129517	142.048616491835	1
-997.051471826172	141.215969994536	0.0728462420510942	-0.0700514400746445	-1220.10232112822	167.630593589967	2
405.092969983363	-20.7421811703263	-0.0143817213563162	0.00957615293055641	480.942591098813	-31.9584520840386	1
-2366.70070761116	739.620918007659	0.161516150210408	-0.425821509944867	-2776.33741111115	428.642246780104	2
-273.638271447833	178.227005393805	0.0292264302407455	-0.0869777255891547	-294.604130378042	154.225926782368	2
81.9335858457704	-1.78031023613773	0.00551264791363994	0.00194217725274841	103.828955915353	95.014231049551	2
151.621887728942	2.88015225068107	0.0013164785152079	0.000555241345790427	180.358586926993	14.9172611931331	2
415.428108876826	-9.19541220989457	-0.0148867823024658	0.00288380967546511	486.044164849612	-38.1699834426326	1
582.354150298569	-38.2153073428161	-0.0252485392164115	0.0146843327157691	696.334813166069	-62.4736195242544	1
-1267.95996610663	-93.6012126543104	0.0868345032854416	0.0446937887351983	-1522.43400984572	-145.476319438776	2
-1662.81534797058	-343.279037183002	0.108261575064524	0.172410910102397	-1963.81964101801	-236.428899580007	2
194.876522156016	17.0948548520492	-0.00109294537247301	-0.00556452581943308	224.783506138543	13.7462610196006	1
215.206500193398	20.866930740903	-0.002286572148709	-0.00823111376830087	255.148502438508	-9.58319189517459	1
611.093115246703	-30.543169484818	-0.0268680858234998	0.0121565952698254	727.009652660458	-65.316281327812	1
-232.615718981938	-16.6088238510195	0.0245915933181705	0.0129614101345349	-303.935396791467	45.2490979516111	2
204.015093211624	-3.68624870661336	-0.00193672687835719	0.00260067078693493	228.917063693636	-23.582795428154	1
12.7813835601139	-7.59519970499648	0.00969929503707167	0.00265245520914558	20.6347728667374	44.7160099432895	1
585.755131616346	-26.6611850244676	-0.0252606233940425	0.0110640303586039	719.421480931801	-65.1502849456776	1
46.9995973233806	63.1351094673622	0.0084966516510268	-0.0264741269088591	65.0073586635193	122.275257011815	1
302.943961802221	-2.57684419437904	-0.00802131843048421	0.00153899680952877	346.228506724677	-30.5252869823309	1
228.327735569438	-39.0889659304	-0.00382009878296143	0.0197239457596684	267.268642820172	10.9002470691572	2
-388.504337784737	45.547365143344	0.0348597979614872	-0.0150753343137379	-466.055726901806	157.233939072377	2
502.721082766454	0.1577941459437	-0.0200487896935956	-0.000891687238539993	601.620155619068	-49.4402902235758	1
491.150893929315	-17.225724244347	-0.0196564048658831	0.00609573085917048	586.162328756426	-49.5615563977065	1
-1194.01173412575	53.1752125150819	0.0840429511350697	-0.0174718154853611	-1489.63466614432	27.7049164418841	2
662.870512502425	-38.7230174592512	-0.0300621528899287	0.0160481089748792	790.16212841761	-71.8920579421366	1
168.802906321225	41.6011381765888	0.00066324262893105	-0.0189651112006663	209.122672276264	37.853271715892	1
-2296.47998838341	-203.099281036371	0.148432658882345	0.103388045033246	-2517.8576468323	-294.40391145723	2
-1083.92974896488	105.659762297264	0.0778779401636535	-0.0462727555984443	-1360.59383180734	57.7189794573078	2
116.086234803646	33.9351906711194	0.00371483091727717	-0.0164559993122979	164.566218900646	71.2478943983111	1
-589.796832281705	-46.6624330850064	0.046044640086322	0.0278538415044329	-722.226305758735	-1.82578068612928	2
210.73336541173	34.3979297461829	-0.0019300191043912	-0.0164997193514265	249.538285262738	27.4922980950833	1
382.931151677188	22.2895021107141	-0.0125113301407827	-0.00954005671056484	454.560057196505	-26.2043751093199	1
487.582337858882	-15.6193261879544	-0.0192605822569317	0.00607722061339374	579.59020388515	-49.890149459472	1
182.892461776882	35.2231814842486	-0.000276219149345173	-0.0191894346475487	236.589922156765	56.0440115075393	1
-719.906380107621	149.65220843841	0.0561483243429674	-0.067567701745761	-1008.54895831557	211.27430925719	2
574.574507893057	-23.6542436187	-0.0246523647606913	0.00723749885544699	699.968371690587	-61.9138210589931	1
298.650716559859	47.5679296371976	-0.0071655075579904	-0.0220562270467659	367.77094371219	-0.018856476543123	1
281.255736975304	3.45197888213706	-0.00643568622461801	0.000662408601182994	345.10748510137	-10.3063929207076	1
524.769158748101	-43.2871987826209	-0.0219210944451346	0.0183643526239583	621.636928701154	-56.3346016602961	1
462.960333974951	-10.9322036978129	-0.0177497988815477	0.00368841510574098	548.109971330496	-49.0391388143549	1
-1338.89845096058	20.7293503694216	0.0923461210330353	-0.0127855937505193	-1648.15949645896	3.27993654938759	2
447.248938860606	-18.8838818173968	-0.0169203381390442	0.00630038122042781	522.994287815328	-47.6334157320256	1
-1188.53269914758	-74.6744344344795	0.0822848638475465	0.0406476852788283	-1521.76667850273	-27.9217603696991	2
-433.729774700353	56.6696478172809	0.0377212030082992	-0.0205056567713435	-554.066723461814	175.111429573485	2
-1201.43757912866	-126.877956684879	0.0825995778538676	0.0704889968452907	-1431.67399188125	-204.869555722267	2
73.8862447512242	-16.3587288534157	0.00584772727975317	0.00855446125710627	89.5391567908928	49.4466132578841	2
-1184.9305126899	-70.0696079452977	0.0821052147877195	0.0359706895575789	-1517.02732388074	-6.62665068637565	2
-73.357543739911	25.5982300034162	0.0152474735427179	-0.0144830514337488	-82.7567927474446	158.742971036121	2
-363.607158415697	-76.6893691810777	0.0316429747007259	0.0235272502915572	-379.117520823519	91.397727759879	2
-178.606495028927	-3.32669897765691	0.021295698179014	0.00714595097988357	-189.275785539688	89.1747596555076	2
-1153.07436590801	41.0705259354372	0.0814681076218189	-0.00866895366391104	-1399.06276354596	-14.2198544416236	2
-433.284770892495	62.7779868741931	0.0376821770589372	-0.0260111245911049	-567.83102757775	164.587474108363	2
-509.679672639211	35.9013359711706	0.0419439512302292	-0.020596084344961	-646.17659330731	168.235163651274	2
-145.36968319644	32.5006509801477	0.019761201778023	-0.0104074116736552	-181.699568637758	128.944874312558	2
-617.242967238971	-54.5430816300234	0.047694273188036	0.0332867382428901	-797.574103003071	-12.663138537805	2
-2584.82814234077	-671.532262568463	0.160778316492275	0.324970464757583	-2866.12305950345	-500.882054318328	2
550.815536398424	-27.398911070546	-0.0232266280211511	0.00884265806847685	656.762940679669	-56.6594009011847	1
236.592218884731	33.418778765445	-0.00354735678740275	-0.0165679439655333	273.058846189197	13.7550733106588	1
317.447229984683	24.8444211346002	-0.00854232318465665	-0.0117384385204688	367.326562346593	-25.8063693739631	1
564.288141061098	-21.2598920187238	-0.0239759460954186	0.00699026076848611	676.257278808495	-62.2659175388758	1
180.884385975436	82.6240402610248	0.000457329857807767	-0.0366921637132379	225.167419251897	110.345600115583	1
502.158571635859	-8.76765752795628	-0.0200398270284516	0.00331125070586226	601.69620293231	-52.3194874417927	1
-1726.09476265758	-64.8092733450623	0.115097626078321	0.0301218874148044	-1963.01230018173	-255.698343130355	2
640.723400999044	-39.891495199967	-0.0287545796618047	0.0160934938997804	778.160220428481	-70.1553293607381	1
-554.79305972665	66.0453444356281	0.0451475159977336	-0.0264944064983858	-676.843322503638	62.6323782961147	2
462.647855551499	24.510715599346	-0.0174081572891796	-0.0193465436526239	548.717335387032	-44.4624187922204	1
497.118079696222	-1.73913692088378	-0.0196805241603259	-0.00107670707212818	596.948012655663	-54.4929339417368	1
-535.852304787384	197.975875015592	0.0454694753589761	-0.0887905611623846	-669.628995353472	300.119239615438	2
164.873301879397	2.68254508558723	0.000492237985337361	0.000234389988671588	191.486114329435	-3.85382310831156	1
216.054889737921	51.6788181299074	-0.00201847125180953	-0.0234508476750541	259.805215030842	42.5280123163734	1
-973.891550599401	-24.588466668833	0.069767870759455	0.0181159346151775	-1206.69908721614	-65.3271028106354	2
415.133649021627	-14.6095423092066	-0.0149311932962949	0.00273019437661886	507.162137837103	-36.3307600012468	1
-894.419139797564	31.3309607690784	0.0655759117172433	-0.00658540416031747	-1123.56868455496	-33.0186065899663	2
-206.70012261494	50.7627208238517	0.0238076371022516	-0.0189762392732492	-312.463643429372	124.074382900162	2
316.321407811409	29.7785959759452	-0.00839841054262225	-0.0146662318722751	368.557662495677	-25.3847688499625	1
357.935747140118	22.3127016098464	-0.011053200100336	-0.0118422413573768	432.41986963291	-25.4941140210571	1
397.834640359425	-9.4148524598641	-0.0137995705522824	0.00350144828444338	465.81694791341	-37.9308685421257	1
333.456289426166	38.6944632639135	-0.00929768770847171	-0.0172811062949087	390.931457721067	-28.6457465558542	1
514.676563440174	6.92702809784067	-0.0207075292391964	-0.00887051508477787	610.612466615886	-51.8770689878041	1
496.155389198727	-3.00670820416115	-0.0196743051081713	-0.000731127163449747	588.844600927239	-51.1633811847871	1
96.6263442134929	56.1472079670994	0.00514998545130521	-0.0354021832151177	118.208166494108	99.284923437268	1
44.1507077208386	64.599265290077	0.00859607438169044	-0.0286979234097058	55.8199310302163	107.435592653218	1
327.023018803716	32.5045174021089	-0.00901938862419343	-0.0152504730107365	391.483363135157	-19.263769624996	1
427.173309862916	-1.95383949452519	-0.0154903928123339	0.000604901237712685	512.018765717369	-37.2829149706581	1
365.512134840511	30.5004075585456	-0.0113429523621134	-0.0137327313458182	438.737139361404	-33.3384029667278	1
226.423132501783	52.2990103507907	-0.00264223422199801	-0.0234954446007185	270.071271854168	37.7653206258762	1
570.885077274613	4.28105680692126	-0.0240051638507607	-0.00362429457919754	684.273493089947	-61.3619965498924	1
395.512448711366	-21.6620017995808	-0.0138922401624639	0.00403063328371862	466.628568531717	-35.6882342004226	2
64.3442992265386	12.8966522908116	0.00676138133295233	-0.0030063473614232	82.7519784828195	95.043853167819	1
610.885097679431	-5.7452466778832	-0.0266254092495699	-0.00110950308220541	736.76441374302	-65.2207277060996	1
-1299.23245882631	-127.454388133685	0.0883584844330092	0.0599307938976765	-1605.56771992577	-116.42539997226	2
377.510341533017	13.9646534708149	-0.0123387216209393	-0.00886376958741096	455.72753544617	-29.1696795004666	1
-1010.01071374582	83.9111358660962	0.072951789736363	-0.0457891869830234	-1316.78674967466	112.109966620413	2
600.574132329026	-12.3314728109319	-0.0260262421379573	0.00405767429701186	720.416460767452	-64.9323010970007	1
465.988359659593	-12.618854698544	-0.0179609705644179	0.00382279250307624	560.995559456418	-44.9440086243564	1
470.296058557188	6.16013205224663	-0.0180542516806102	-0.00506592558361744	557.204518871059	-49.9473644975845	1
270.86807822507	25.8779137455826	-0.00567124607939316	-0.0108847304573456	313.229524647443	-9.24372230909909	1
723.567560482788	-41.1681756579234	-0.0337439543857861	0.0173447123779486	876.129475818587	-77.1262641506315	1
202.784222500421	18.5714074390987	-0.00158593294766122	-0.0072789313419869	244.708902429528	11.4794772294419	1
243.066637893754	1.81132040534568	-0.00425892439583526	-0.00201713566942652	290.721640404597	-15.4014193469552	1
464.330683111691	4.04439569658714	-0.0176730318909336	-0.00247065969445701	552.854692272373	-47.9597207003655	1
29.5306511527317	29.2297527499576	0.0090574580564618	-0.0122251802900465	28.9335326647759	74.5218505676991	1
302.989061638832	7.02324384884685	-0.00782946615213299	-0.00363945246132908	363.240893045974	4.96841877678207	1
482.500225673672	3.97064838719271	-0.0186627027353256	-0.00166914648819748	577.095128875899	-49.3492103546176	1
775.05494616516	-39.0794126979918	-0.0368827097937627	0.0143987289702545	926.72311823886	-80.5616931819649	1
379.352925498387	26.2863129122138	-0.0122623972377134	-0.0120084772299896	442.926634046927	-35.3693997956933	1
416.348258049973	25.1942427180733	-0.0145099774018909	-0.0125102488468876	488.634978836256	-42.7516783890736	1
-710.453791104255	4.61169901685883	0.0540384621446953	0.00506974946269377	-899.52893208514	-50.5580494287321	2
713.26992243184	-48.4454608948973	-0.0332708686722155	0.0189523188585218	880.893708112933	-78.9247123659795	1
404.81301265413	37.4287379666031	-0.0137382433263797	-0.0214776193583891	476.7596433105	-35.2953678255783	1
592.300476253214	-28.6009197387072	-0.0257201515554849	0.00979095816492238	706.49025491728	-64.9956217175776	1
-987.023111093417	126.629988548565	0.0721916824698442	-0.0560302265868093	-1259.57685394307	149.76553775349	2
319.483750007274	17.5578394115415	-0.00870493352694919	-0.00755790712057798	384.016475604613	-14.8017504841676	1
-1222.21252430453	-27.8035856214676	0.084955223218292	0.0229919795175543	-1503.43539413637	-117.612740839999	2
357.812660255434	-14.1672550684962	-0.0113971698119394	0.0069875583196088	408.388847098541	-36.5768037383126	1
348.765803051192	17.8079154756971	-0.0105080427979812	-0.00832203520106019	415.563240223383	-26.7474135982751	1
132.65799495325	35.0966339915579	0.0028561618876317	-0.0152136850113464	188.60329592055	94.0967996373125	1
415.424310497017	6.56958356322628	-0.014695235334096	-0.00384189324975095	503.21352588204	-32.0869253942279	1
-288.844428945542	11.2396007983588	0.028308689545617	-0.00226233025963199	-364.143004394817	196.462478271039	2
-171.325411614987	98.3831393217418	0.0220467727120687	-0.0490731554559356	-175.001459287677	125.560198187437	2
-233.819327388396	20.2557074551089	0.0251125482996648	-0.00489956772533107	-266.353719335592	162.829939671189	2
284.451885606035	7.41619394460312	-0.00667831938135785	-0.00256432962629474	339.054328708532	-12.4610986043585	1
520.429176600275	1.64324958398424	-0.0210935545965154	-0.00378839124443737	625.911386060278	-52.0919014018453	1
470.842227163797	-25.4815613137279	-0.0183686887309063	0.0113566036831228	558.133973065094	-50.4776396031313	1
388.138949869088	11.3816186775741	-0.0129984603173751	-0.00548708545667332	465.232313932413	-32.2123198582261	1
-551.656021981653	-24.0643079939684	0.0438647898853452	0.00961318934931349	-671.749676018783	35.7841170515816	2
334.955590536316	37.9811419192031	-0.00942077877492015	-0.0173288316125957	390.636598299749	-27.9427426048825	1
-1078.04793954475	-141.250338818175	0.0748005006051937	0.0723289040560718	-1335.0034535148	-105.05409055834	2
605.03529787969	-36.9529137764687	-0.0266006051904668	0.0148010958894433	741.019366274793	-66.5116265313185	1
-2304.21759299175	-117.53510923306	0.149792133328451	0.0602784572028804	-2515.08443425305	-291.978367698792	2
23.0141425984772	-1.91459217642057	0.00914133437989567	0.00286819120663676	36.6004434437936	95.7090809116229	1
647.016431225926	-47.1254257199584	-0.0292126600662986	0.0207254786826481	787.527711733049	-71.534297721454	1
524.429247570553	-11.8037787218159	-0.0214046723559418	0.00485091277588856	624.09531514485	-55.2661922428917	1
-845.947141634037	119.000996795244	0.0635067759438438	-0.05259542176419	-1126.35752624157	111.34091693919	2
434.234473736004	-11.6352280880242	-0.0160264789385418	0.00368554839339265	530.571522965223	-39.6216545456155	1
622.255336333208	-13.5328157934687	-0.0273312224878172	0.00312534862755349	761.076130604625	-68.0380169615857	1
382.097430027347	-14.4239295429798	-0.0129226811213571	0.00648796468084951	433.241872720073	-34.6632204205197	1
-7.11501655291115	11.868032646011	0.0111928521970461	-0.00271813235183382	14.0591360909792	95.5117147732187	1
478.899995826609	-5.7826752663228	-0.0186325595539007	0.00218097449484978	577.024504923448	-52.4689647957847	1
447.998868211701	4.47918121020598	-0.0166850802002097	-0.00476912905840189	543.536633824526	-44.8312155662109	1
411.614688714476	-24.7025518221872	-0.0148273165886871	0.0099259305288616	491.066342004893	-40.1168723328782	1
-84.9318900776541	71.3634536689543	0.0164883560310305	-0.0351062381957619	-102.259539292494	161.465680487497	2
-2721.00090145778	-62.7362934604981	0.176004721032753	0.0414806909938408	-2915.30943004451	-284.577722839836	2
-178.493415621646	-35.0470250269816	0.0209527027530829	0.0148450016612155	-208.696669249418	-44.006371044508	2
506.414893401119	-9.52717232133583	-0.0203153217368524	0.000669557750972622	604.056392533585	-49.859471843866	1
373.291880831144	28.4426679421417	-0.0119059963525918	-0.015669542090943	459.113500733486	-25.9981000729405	1
322.378849182809	28.1221621100012	-0.00880394340531832	-0.0136835872253525	385.023272278842	-19.1519680434328	1
192.016714808542	44.290914353749	-0.000683071675587025	-0.0201753374671042	235.140870810946	36.8056609828999	1
710.878224895214	-54.0530217372829	-0.0331747643637653	0.0203457221811877	878.835805383262	-78.5264418436799	1
573.512755926591	-93.449118581354	-0.0254019023780473	0.0401066136530057	728.331494645628	-59.651289825248	1
337.662830598665	13.6031088330738	-0.00991942134862043	-0.00831179875154317	407.203001789539	-12.7898612482377	1
279.264179381206	41.5181484124338	-0.00605792346954701	-0.0200549855722203	340.034254144732	13.320976022094	1
340.809359122578	20.7287598968146	-0.0100281462710188	-0.00993332940029339	395.903328112924	-27.4805993069407	1
-204.757005853221	90.2117253853546	0.0240931739260929	-0.0399275220211859	-238.149591356548	158.339919308357	1
240.380401795751	24.9680742242352	-0.00382717050921389	-0.00965491228368836	276.594651657816	5.19597566765317	1
-1102.17709294519	78.9875904663854	0.0787465818994045	-0.0309574355478947	-1342.63830872756	-17.9216686578385	2
-980.521469115045	85.4975242354132	0.0712536557860502	-0.041735973078371	-1267.83098050866	182.555269398698	2
322.054013619425	-35.3392208982677	-0.00947718090284135	0.0178504409123164	384.363550742377	-24.9600283237626	1
-2404.9422901091	-412.309142612043	0.152528434169649	0.192854716745624	-2624.81095297238	-455.199996389397	2
-1586.12829235942	8.94825894775013	0.107458243054625	-0.0018762046946634	-1831.10190753323	-174.861277888668	2
-340.252375808382	11.2388958626454	0.0314471747208861	-0.0019997906415229	-418.030819035847	178.755798961459	2
24.2145804518862	80.7779529595767	0.0100290002381895	-0.0347433151021318	25.5962923161751	124.443122972261	1
-939.399720793263	285.852964205689	0.0711565385584788	-0.126708618401474	-1148.41975204925	258.143343249963	2
-1265.88249793039	28.6391560099957	0.0882065249982895	-0.00539236941506968	-1591.87462311454	-8.50175786198983	2
220.141639690356	44.1996130599599	-0.00232602097243597	-0.0186662380124627	271.464423189179	66.494036230872	1
-52.1529368839828	124.551170351607	0.0151921271314356	-0.0543446225850309	-52.9016017586805	136.285896604226	1
618.289177472016	3.49350016930618	-0.0268904364069507	-0.00231035211137279	763.165953080478	-66.6246042935218	1
220.454409093254	24.1655145391575	-0.0026918928650687	-0.00988838910302567	266.926527144788	29.8517658665093	1
231.153055602481	52.562962988777	-0.00289830802564784	-0.0223778501496446	275.364112610977	23.1602578598414	1
471.867247662475	-57.7227612702972	-0.0188163861532885	0.0273950429272072	577.113552328356	-44.5581247727836	2
486.648595029466	-19.8613949493528	-0.0192239003846701	0.00845435157539585	589.206876259	-50.3507483322943	1
518.977293329297	-16.5734276384144	-0.0211383248276359	0.0069939529822474	621.321666707791	-55.0227819787905	1
444.380416918853	26.3057936521851	-0.0161899268703769	-0.0124317190101232	521.990868625903	-46.3714322573106	1
340.081211491768	-18.8140420208939	-0.0103769272591348	0.00963619231594394	404.05589316775	-23.5551080483646	1
279.529557859098	36.7248078505576	-0.0060188275903929	-0.0158060423605234	340.751008996047	3.22501236522781	1
99.769759190647	71.9499383616546	0.00520529878882393	-0.0350488718274016	137.732405479478	145.84626507942	2
401.127518995501	17.0629831458943	-0.0136677935177849	-0.00899049077834295	481.35484021631	-29.8730359116501	1
146.890514333728	20.3880889955796	0.00182332365450012	-0.00802428527767483	190.794919223193	42.0882501879653	1
505.808135046795	-1.35896907442676	-0.0202027828110744	-0.00227809983740581	599.812438264043	-52.8490527540932	1
-641.497925753045	219.956200294546	0.0520723912588623	-0.104553538108303	-829.969615026257	126.94446095915	2
590.7192808988	-32.9998509069973	-0.0255975742321742	0.0142222917922695	708.001083935866	-63.1686948553614	1
701.73134865335	-67.7317008781084	-0.0328093864367064	0.0268442959312997	847.972890098014	-74.5389018105041	1
-457.687258885916	-171.342840197132	0.0366130421857505	0.0842923337687637	-529.076556659339	47.1545605141035	2
-1418.97688408192	20.3571788806653	0.0974619737511745	-0.000502516722410624	-1706.98044920835	-54.9514936441846	2
383.90776240025	-11.9055349742957	-0.0130017909998	0.00459515095777417	435.813159382189	-39.610042449222	1
192.915574541462	62.5730186224434	-0.000519241733422775	-0.027534148303081	238.58310662896	60.9998720281218	1
226.835332630865	23.875102860187	-0.00304388462551499	-0.0101931055427911	279.424220298228	17.6197693278372	1
324.223054366844	25.0659147866502	-0.00896878718540044	-0.0139610566061903	391.404680843068	-17.2308894957177	1
473.757537500981	-37.6742916767628	-0.0186865297857787	0.0177687452906472	570.515976149672	-50.0957700594127	1
389.230259653877	-25.5244955200372	-0.0134847614717433	0.010561343109392	453.768380364388	-34.2520401391411	1
-539.399089377149	70.8305834082767	0.0443774013810702	-0.0270592947910183	-686.996642774245	162.32517207334	2
360.470742994749	-30.5323941818856	-0.0117389011883925	0.01464944606909	424.804960496877	-30.4615030658217	1
289.405492312692	23.3454714937027	-0.00681883743457661	-0.0107300191073869	339.590591754523	1.5859294219149	1
334.30660708016	29.5606298893157	-0.00948775219169702	-0.012808580323364	390.007850819908	-20.7339544749286	1
394.359342461897	21.5256809526771	-0.0132517901165513	-0.0130747390398592	464.136400148322	-38.9823559331866	1
497.861513128547	-32.007797455243	-0.0201023938754875	0.0120586728627846	592.898914307878	-53.1925124847403	1
-132.173362416462	89.3647205765177	0.0196772252994225	-0.0376591239011879	-137.94181116615	116.725801858453	1
273.669212045431	1.82922418954225	-0.00622063100030738	-0.00442656324750022	324.800774080093	-15.04088846634	1
-576.209587597642	45.1663961828501	0.0462673163135225	-0.016296778677101	-688.798488798429	5.60508741043759	2
330.164204657741	-21.2969525749036	-0.0098680796846144	0.00882369123799962	391.914116572814	-25.4866292249855	1
441.247952009171	-32.1354434238462	-0.0167064685287292	0.0144899608392532	537.855901906432	-38.5967508168528	1
497.867645245945	-28.8272352760862	-0.0200624262582488	0.0126269284234228	597.353964192208	-53.0568875867764	1
698.452816133267	-29.9911050757975	-0.0321571005522974	0.0128857083277467	843.568231733524	-75.3042719521517	1
-8.28217693748417	40.2489070446763	0.0114656935206597	-0.0172010853481524	-7.53617705629292	47.1305742806216	1
-77.3496363145692	28.7905790473657	0.0154552392585732	-0.0144760077523441	-106.682485844112	133.320184737025	2
421.863663654487	-3.60094538019571	-0.0152223840733842	0.000473954952155098	502.490646032094	-40.3995397785086	1
646.30885449806	-58.2130620723894	-0.0294036129609415	0.0231009772595001	774.978735127644	-69.0579529766871	1
-826.211142064718	-322.901516417204	0.0571407106291739	0.140952933156754	-1036.31516950965	-39.5481440320725	2
352.599927724016	26.0955569262054	-0.0106140010848027	-0.0122718094805902	414.81071614929	-33.8896881575131	1
505.324890372007	-15.8159931225724	-0.0203918275246207	0.00503008952009599	608.309384360044	-52.6648877926362	1
436.338009166688	-23.0079105415432	-0.0162959245846207	0.00963281399507928	524.800586214637	-45.2992829332523	1
59.1573733668249	38.7107442533603	0.00742732898587692	-0.0203945035687836	63.6769218345162	105.570588965283	1
475.742905132305	-0.849174312554706	-0.0183884085590544	-0.000626971257271997	564.316087131334	-49.9856309299245	1
189.064489188355	21.1712758232606	-0.000746643129840687	-0.00819658089693504	222.829265721072	2.75270863172649	1
617.194384801532	-53.2272110874418	-0.0275910478552927	0.0178528228451013	770.644860995762	-68.5812319295354	1
613.829442672307	-36.0872727227256	-0.0271374430564195	0.0150624123901886	733.372174180633	-67.3484961993925	1
544.413155640721	-46.5431551785627	-0.0230206055757456	0.0198086665521256	671.94751013813	-58.6090570463598	1
488.804881788351	-49.7386371844607	-0.0197952339200684	0.0216785271818463	591.081306587898	-51.1366956936061	1
537.173975943443	4.07192686179181	-0.0220138907115267	-0.00318387705621302	649.435709133183	-57.550141865887	1
331.993063727095	21.1008470016814	-0.00946723693797591	-0.0108172198452026	391.830330183467	-31.1866916185898	1
24.8657913017778	51.020052696397	0.00971408932140923	-0.0208985266514804	37.6243149154107	156.532548566784	2
410.186840997416	29.4103702273177	-0.0140826719533242	-0.0142489346504775	484.249362022564	-34.3676310421206	1
-821.589728060531	198.676101828695	0.0629404054800683	-0.0885331421173769	-1019.91461302422	102.316973671682	2
-857.390181110062	14.6293467818235	0.0629130674576125	-0.00909760482366269	-1100.86712359762	-19.332078144196	2
79.1889283559295	69.7414168563553	0.00650186916324878	-0.0314315910845416	92.3269942200346	104.1044064903	1
39.1209726205609	-41.6049671496694	0.00769896095826167	0.0243573471365023	74.8593896813496	13.5120560174803	2
293.170334591844	7.06871074929663	-0.00726028851921321	-0.00400619533218456	348.966994532448	-11.5408037197882	1
134.669890295509	30.5239150249449	0.00266791187465055	-0.0147389949136478	173.312984673327	47.5835384878674	1
145.250730330422	14.9582651777242	0.00180816418057539	-0.00694759319431296	173.309093349315	31.0496135255128	1
190.164936382321	58.1944308438711	-0.000378325414682675	-0.0262931039007255	249.979542096438	113.05623897454	1
493.690843124684	-32.7967913398501	-0.0197872371233504	0.0142194717779405	584.931471186945	-52.7159904184203	1
-488.376228439257	24.9440660608783	0.0405931623530415	-0.00974984733504185	-600.028494024505	34.9363353739015	2
185.145247062786	31.4679693931881	-0.00038042874086726	-0.0149365308527029	231.743471247892	52.5796479283484	1
604.822970790097	-1.94074214519194	-0.0261692023558738	-0.00167526270349638	737.296343200726	-65.1500704867019	1
-525.706887795711	73.2757614427297	0.0435338434452302	-0.0277813418425308	-645.313941910589	178.858436589207	2
425.633512202601	7.48960871031079	-0.0153542410349474	-0.00506563870619446	514.248669294475	-38.94122439408	1
-646.046224671789	-9.44846486141929	0.0499393103063006	0.0117781778075347	-762.81051135237	-26.5865543322873	2
34.324141524753	43.6500169770639	0.00894591157801506	-0.0173499478221125	32.7167591919733	70.7233870243137	1
41.0213185177947	30.1084655506482	0.00837401178926818	-0.011673334610125	44.2965980113542	44.4443191247216	1
-1356.45993990151	30.999424545702	0.0937126150786562	-0.00690972422981327	-1651.30630470936	-20.6489035902619	2
436.19258451877	3.04513953640854	-0.0160279867758692	-0.00320973339781595	510.724437126258	-40.4690899014056	1
-741.384890426336	178.111064803296	0.0577552666337397	-0.0806307201536415	-938.50747942912	177.678683181351	2
416.941152627407	3.21488602915963	-0.0148955081147076	-0.00222603152050947	493.695026414948	-38.1135273835097	1
117.871334561995	58.9600115020394	0.00405972825096166	-0.0267091535938349	132.646758564284	108.544047493702	1
296.96896401313	-10.4404479871687	-0.00766903519287974	0.00690598208411456	366.417959865694	-14.4937957066701	1
200.880952628017	7.04543059705131	-0.00177343391418797	-0.00432581440806391	239.716395203099	26.9762479172595	1
427.105870262639	-22.3238645252875	-0.0158354289048668	0.00841268252979077	507.056910105305	-34.9897948452464	1
273.821557246831	28.2768117899065	-0.00591621369255706	-0.0131943004009415	329.410393787793	-13.4864078412181	1
286.588766087573	15.4497729756189	-0.00683291023660024	-0.00760719829403469	321.567853185931	-27.964253187433	1
644.928887451534	-36.5603366684031	-0.0290901814127607	0.014983298521632	790.956550166592	-69.7167746599466	1
-803.716111607802	-162.098690223064	0.0576890564637328	0.074069304844366	-1092.69796874691	193.439601950462	2
-3867.17805308348	-171.017439744159	0.24339410527528	0.0304106632016448	-4080.49913885441	-663.532950417703	2
130.334367091152	68.1534782597359	0.00330095590576146	-0.0311491281845114	172.162289976213	95.6683442504614	1
457.054158596639	-7.28545534973969	-0.0173430451423519	0.00308919543133707	543.353553336354	-47.9532566370287	1
227.411027300126	-0.502889106431	-0.00334273890193275	0.00216789401956024	272.152629307619	16.0928514345759	1
183.928135104749	-19.4028889813517	-0.000789659550571523	0.0114708715309376	222.696741918364	8.12570966193323	1
225.395498346118	-1.46610466660024	-0.00322110143030561	0.000925097890450046	271.239307985915	-4.55369997041512	1
620.872171322083	-56.0022767506652	-0.0277803752813741	0.023224228878539	766.609375073885	-67.4399410648198	1
-648.811118369162	-9.67822498812136	0.049920749362903	0.000477178325234556	-774.427747683398	69.7291300507144	2
429.748208891486	-27.5070143901577	-0.0159635362642005	0.0106860398931036	502.464611384864	-45.5863443730016	1
615.058977049886	-56.1898238377225	-0.0274440008595465	0.0229268915251278	754.134043570176	-65.5480023695114	1
373.872298960107	-12.9971580213668	-0.0125344191862241	0.000591910201076672	460.492107664267	-23.2130003476278	1
-38.13055424948	14.0147964211567	0.0131054749235005	-0.00241971606303605	-20.2714775200979	137.986507496458	1
373.893334397143	4.62415716466082	-0.0123463359384453	-0.00653302713636382	461.340284738685	-20.5831216960405	1
538.116441714755	-21.0684163208696	-0.0223171646853615	0.00955071719906865	645.860025784895	-59.3439131866367	1
313.282620008756	16.054610115737	-0.00832478918388872	-0.005627050971793	371.750949516923	-26.1634015298934	1
63.4926725219893	-4.07985883091887	0.00663093381575856	0.00348583444812742	74.5884265176838	58.8285371711933	1
168.343866895387	36.4380669010215	0.000727823480308181	-0.0143548262956983	209.547478685373	30.0490989352285	1
484.481541384571	0.419557083585481	-0.018878578976069	-0.00134291533640788	575.096470969803	-50.5300019093828	1
-134.503261213858	107.457218210703	0.0200055078565104	-0.0484638832957185	-136.531212814108	167.87240243337	2
389.8089526119	2.07600547220797	-0.0131821086332059	-0.00125383676120509	467.137390714799	-33.0073150352554	1
70.4629660600338	-18.5600966124349	0.00598905360762513	0.0106098444608354	86.15703346775	45.5111906416082	1
246.258592769433	21.653073229598	-0.0042047431793451	-0.00770389078117975	287.137188399797	-5.85214258976404	1
210.513420791124	29.118560782808	-0.00198297903336566	-0.0127801914754398	245.18673587856	9.25857720020924	1
-24.4347065538416	92.9604187231242	0.0131893270300948	-0.0388970225021906	-23.2849688688826	106.083184352843	1
349.091837803864	3.53879588519978	-0.0106728853112284	-0.00316409576622093	409.795537191312	-26.7033879620935	1
37.629074123163	35.2365591392187	0.0086472903623341	-0.0135075060522364	37.3719504712346	62.4233096091921	1
-1002.1485046193	-7.99819996818203	0.0716727380727156	0.0107501791276291	-1238.30912645207	-53.583231535859	2
405.353202959174	-28.820549365858	-0.0144891759589666	0.0117341132354127	478.592144889688	-42.7725358575906	1
-278.679417987147	67.7714099492192	0.0283824615569527	-0.0256000684902138	-363.922709667958	209.445626148609	2
319.372507123389	-27.6852620911352	-0.00927285700797898	0.0137357022700734	373.448228443064	-15.851651038102	1
-457.339406199191	117.674603896116	0.0397672855507995	-0.0531618392444495	-626.838080216829	312.012065399463	1
-652.244528416656	18.5094041150992	0.0504930310788764	-0.0101579517271055	-784.186411372336	24.2595249098158	2
389.694528060441	28.0487250297797	-0.0128787607154826	-0.0152560202548301	460.507139674798	-39.3648680627116	1
259.641709661136	21.1048876724989	-0.00508218158750124	-0.0107479399145617	292.931270394249	-25.6500785336375	1
70.2344940845204	72.6516195183514	0.00705066379261808	-0.0326423130459845	76.6019885432825	121.508613527279	1
300.030110258732	-16.5976588730519	-0.00793097765810706	0.00921970783474412	358.397661615449	-22.6092963603235	1
325.928982264293	-7.77853015260631	-0.00939055494756201	0.00552487656731652	394.107427777734	-8.57894700983584	1
-832.60977338514	-19.6837889565647	0.0610931290291929	0.00930369000151168	-1024.04752026993	-58.7417177668145	2
-1099.48688850715	112.597420815991	0.0789313512498379	-0.0479051429176957	-1316.81928907365	61.3320621804282	2
2.30675677454346	42.1731553356255	0.0108831149245032	-0.0189176675331385	20.9146215350421	82.9315739340553	1
109.464700924651	-2.22926895842679	0.00375553750812293	8.44132926319289e-05	131.027909567999	34.4673830389692	2
374.935084229063	17.8700715509257	-0.0121070533329401	-0.00895699317104674	439.878716176162	-37.0551384779863	1
-2166.18516504178	-108.422615041161	0.141467619406386	0.0519329098786179	-2385.94221448649	-301.442682340688	2
708.652366071143	-46.309969761561	-0.0328905734058529	0.0189450921314274	861.940845420299	-77.0315453683491	1
672.591115097528	-40.4102465523164	-0.0306513014445818	0.0164211287762892	810.851693917658	-72.8377578521636	1
418.653294241053	16.9758350195529	-0.0147678492047615	-0.00797994779817408	508.409999777212	-39.6313316893613	1
552.979663200076	-3.10695544726366	-0.0230554149429189	6.86371283824675e-05	653.185032932941	-56.7385069338301	1
-125.261546551955	116.510101737235	0.019551205051231	-0.0509121017216549	-131.594253216252	178.355768042037	1
-64.5965121288271	50.6508743628116	0.0150146803705659	-0.0222465041257098	-66.8588015602461	50.7406117474652	2
468.335643232211	15.3650468053208	-0.0177363503619698	-0.00788339196402861	552.79972815361	-49.8510120842841	1
90.5470582082462	84.7029371430124	0.0060168936173111	-0.0381740228953389	119.393647779986	162.803870228459	1
81.7538714052186	-65.1570080508305	0.00479294393292137	0.0324885112739751	85.08751252128	-22.0365206651469	2
13.8829917607544	13.2422161004111	0.00986645849526756	-0.00537543170845413	36.8055184594291	134.76873938065	1
-98.3555360395736	-4.57581581208229	0.0164480180668776	0.00396828208850112	-133.715764494574	42.769210847653	2
482.149026999668	-17.0433626581625	-0.0190040384256845	0.00645414437492891	568.783843902487	-50.9335296091105	1
-731.367196667538	22.0002561470106	0.0554401172783366	-0.00673419635700892	-921.79300535033	-85.1939682468563	2
-946.295946455357	81.050509059995	0.0693040870105703	-0.0310373715300826	-1194.55702958164	78.7909796629228	2
260.052625114783	-31.3150415960703	-0.00570379666698415	0.0138370188313432	318.859883371946	-11.2250914390351	1
303.492555686571	-4.54599550077286	-0.00802311767194651	0.00117862713836942	364.251091641417	-15.3753842389434	1
681.583641037867	-52.4010634098855	-0.0313452070870566	0.0216906758835144	840.175771943525	-75.7643274838075	1
-2127.01809312893	100.287668702373	0.141457675534295	-0.0422511522701856	-2365.06150326287	-205.286126972793	2
520.808519602286	2.30213513734931	-0.0210791241767069	-0.00223060145218483	621.788217996791	-52.9603992972743	1
196.893522311372	21.1030801184129	-0.00124810073303344	-0.00974112219079979	237.264929745162	22.548980272951	1
620.561204291749	-48.0937942894231	-0.0276277155039379	0.020900369856736	767.832829290069	-68.7740402305444	1
745.022120501328	-57.4316913306663	-0.0351964995240279	0.0260603971109634	902.104508261529	-79.831919606386	1
192.430669990529	-5.30836618852943	-0.00124131726295685	0.00537452808032445	232.523478306276	16.4606506986246	1
368.577840981517	4.34158112530311	-0.0118178999108243	-0.000416003581898646	440.743609219262	-30.6722417292363	1
225.523469468968	66.5180581715776	-0.00247200919825545	-0.0355074953806751	277.368777538866	73.4432866735913	1
392.929018072707	-7.66612385686055	-0.0134462234849401	0.00362372984832267	462.690031473112	-26.1024231316564	1
401.674388143176	-28.1147380739543	-0.0142814902233821	0.0105292715022737	461.92769706163	-41.8954962435159	1
407.535831281228	-33.1164214318154	-0.014672418111324	0.0158146534636534	492.629254390583	-38.6305602423389	1
134.103391825505	-12.278802022488	0.00223769368234138	0.00936193289840642	164.373525476798	-4.23467723680936	1
-991.378729930922	154.526766597351	0.0726617972215528	-0.0745811967333158	-1199.13837837063	76.5031622278255	2
556.616797798071	-2.12657989610074	-0.023301027027715	-3.49422047382107e-05	667.78421393642	-57.9830480806635	1
-1135.58194751371	77.0746271207932	0.0807175936687312	-0.0325882020119128	-1417.89261492142	30.4991616026656	2
143.994567323771	57.6046787122226	0.00237594408911895	-0.0257336375094537	198.874402397757	107.330385798471	2
465.866537681732	-8.71339267185409	-0.0179600176792738	0.00205741895862604	555.355727716638	-49.1522191101546	1
790.313241822058	-79.8164914567009	-0.0383487950370903	0.0336829749537131	957.901359131217	-84.0130382777491	1
815.980267135901	-74.3364181429452	-0.0398163572137841	0.0321278555998911	978.208800525258	-85.7393522249655	1
493.647932579957	3.93097062402329	-0.0194336716690428	-0.00440454035824886	584.129225272275	-51.7604729423096	1
60.7825116785987	38.5607130737522	0.00728225817480296	-0.0158335635394743	63.7042775112962	90.3439316958513	1
39.66207192096	39.8148220430616	0.00852106554215897	-0.0174334481442985	35.4792142710941	74.1318078797549	1
276.257863260892	30.4219303180142	-0.00605436536806217	-0.0143601691459056	336.786509889994	-9.51421541344691	1
201.254078414579	39.818240027056	-0.00129245385088757	-0.0182127517142829	254.832186693298	63.7562887211018	1
171.841168987554	8.35606068224724	7.99082166602267e-05	-0.0044613601900923	209.358220774582	14.0400551079631	1
597.22541390668	-25.3102997717912	-0.0259576891397966	0.00991415631511704	728.860033114518	-64.7958341714536	1
623.076492822763	-14.5232473890906	-0.0273765322119015	0.00580572670745763	757.140984868421	-66.0464516511026	1
635.064042450251	-48.2346029977085	-0.0285525068848924	0.0197507775386077	759.507889531876	-69.5532541636386	1
473.472752149635	-56.553407256267	-0.0189969270069754	0.0228810032084492	580.511481785424	-45.897275696698	1
554.764270449593	-9.01713145501237	-0.0232642752873937	0.000596281160431523	657.938821347529	-56.6897520800769	1
524.660056215432	-6.28079959125601	-0.0214437640229382	0.000357139908836028	622.783113758669	-53.5912009213323	1
322.054342279491	22.3740554365172	-0.00894830227290227	-0.0111766081823468	372.316061473676	-27.4274886111874	1
704.967033677307	-31.3012448054364	-0.0325904838996884	0.0110992287212084	861.947717113993	-75.7779954858899	1
317.926337567143	27.369409115614	-0.00863211443041665	-0.0131514431480916	384.449637060503	-18.4196123061876	1
622.214536225977	-14.274316865596	-0.027460087597832	0.00380537242272341	746.948149048197	-67.6114415273814	1
636.046255858683	-17.0436002143437	-0.0282405584433703	0.0048656369018299	755.507179882616	-65.6471304796237	1
670.677026981125	-43.2069593598391	-0.0307615038901031	0.0148354580308393	822.119146936989	-74.4454916942076	1
125.245135733354	78.423432525008	0.00379657295818634	-0.0353778020847251	142.121837417341	98.7045002894203	1
479.335706885972	-4.37787348955069	-0.0187405367150472	-0.000100617229345122	583.68946764866	-47.3476609598863	1
177.242815955376	43.7231432160295	0.000144688193704208	-0.0214954373057337	230.841012881099	73.6622426663049	1
518.011863081587	-1.53085472442514	-0.0210977559681104	-0.00346297984241894	616.705590742152	-50.9229032963627	1
-61.9407986110596	35.2648021835149	0.0147247973841792	-0.0125390799076684	-38.9049690269567	138.071718250455	2
-1167.13697760331	105.596679125152	0.0829044823649253	-0.0515976943606605	-1424.71560398793	51.8818297546341	2
-1414.12668360315	110.222492125131	0.0978243589717368	-0.0595541983565998	-1673.65674555126	11.4609033445378	2
-1045.01885443965	77.0575885213293	0.0750698124713246	-0.0365619841184427	-1298.58471622296	62.8388417520699	2
-314.501756180019	47.5535251848959	0.0302332373264628	-0.0207750285148387	-410.69849218797	55.7895081000768	2
-1124.85811530571	34.129224970157	0.0796544391367506	-0.0111939667817424	-1458.42038864988	74.7755170523084	2
771.52762187675	-88.6431063634549	-0.0373085511224503	0.0381254398090475	943.768171317508	-82.072838698478	1
