s1	s2	s3	labels
0.430907655504838	-0.00159914502107313	-0.89009386007095	1
0.487057188167579	-0.000102738408636788	0.531359188029936	1
0.138216718020362	-0.00265513861240479	-1.19638610182381	1
0.406760656692834	0.00109338090460211	1.21200498209512	1
0.395587441452084	0.000952008396166604	0.87162963478475	1
0.544316980410799	-0.0009827754342471	-0.417187077923762	1
0.579314230652171	3.5705935140661e-05	0.394696022441583	1
0.370140810491064	0.000178683255841765	0.208431922667867	1
0.457253424855811	-0.00083495792914314	-0.464461786399866	1
0.230072530650218	0.00125884024961197	1.02931761796078	1
0.530915952026196	-0.000676843065463288	-0.0542475752742201	1
0.615312176391926	-0.000430710984394445	0.122390405828413	1
0.541536879359636	-0.000713204022839605	0.0442537194479407	1
0.1878452702117	-0.000344160989654558	0.683017546813909	1
0.370909206786329	0.00113256394930369	1.33757530771965	1
0.211139524272417	0.00141860806343553	1.58565954399923	1
0.100159262863935	0.00153509147708734	2.18905203259376	1
0.210664592944533	-0.00209541067778997	-1.01438274695217	1
0.371151897567447	-0.00184049048564246	-1.01001719065489	1
0.600431783013402	-0.000715996967319488	-0.0764300272119887	1
0.34289742013403	0.000737410311486087	1.11156340021509	1
0.367687546901982	-0.000928660430076735	-0.0320672984413852	1
0.294790063685687	0.00115268885111135	1.40916408750222	1
0.327145187422341	-0.00139322069318934	-0.42881684941439	1
0.312924846929663	0.000407947407166799	0.259453871809473	1
0.571060741059763	-0.000306830075402674	0.0228490767773635	1
0.567151748009541	-4.85269241341625e-05	0.286708949473617	1
0.0931736810111202	0.00168081381683266	1.00486371627522	1
0.484292095614547	0.000259956321598932	0.526998837665698	1
0.614541644916641	-0.000185402841640364	0.270774662244682	1
0.389191930018916	-0.000521191095735912	-0.0954997019363127	1
0.404249604135681	-0.0003821799491778	0.343760070932477	1
0.544837278314225	0.00048231782519694	0.791196293260648	1
0.53588926765578	-0.00113795619365137	-0.437644627175783	1
0.54811347921608	-0.000116573695493062	0.046438248559856	1
0.395380430148121	0.000654847565170338	0.599893034059827	1
0.435936378507571	-0.00130915174890941	-0.357088891597051	1
0.539605086205782	-0.000242103567733488	0.272501628621173	1
0.430612767068128	0.000691613553788877	0.696441649495508	1
0.580164120880264	-0.000796465898742443	-0.132833206632035	1
0.52983836687085	-0.000687673803894906	-0.400652744706318	1
0.524426480137366	-0.000237053692848794	-0.120227388852547	1
0.508562219405282	0.000666744612775773	0.826879237186602	1
0.42698010608764	-8.08706652404787e-05	0.588514076519583	1
0.316414171666255	-0.000527242246999285	0.433792807051769	1
0.501043298472951	-0.000380564623512577	-0.249339738458545	1
0.16207980376057	-0.00270360526717861	-1.21810067426434	1
0.38871038298829	0.000240436666099744	0.879984125522482	1
0.465413883281416	-0.00131100287075675	-0.237718796323425	1
0.377809443346515	0.00103529929042639	1.19550672382808	1
0.517256266092962	-0.000384914284664374	0.271460167898379	1
0.151104807785021	0.00223951716033522	1.56337243075764	1
0.152371697230184	-0.00233043947823554	-0.908321568407393	1
0.527454935000905	-0.000491791822208246	-0.108854823858862	1
0.00900512171502171	-0.00338126015722626	-1.35231953707202	1
0.334061917023779	-0.00199636787667439	-0.968357147821063	1
0.524970508296844	-0.00114614416665183	-0.292069805717444	1
0.21060135415423	-7.85409932838605e-05	0.0426038944296082	1
0.526741998299487	-0.000411074297821956	-0.189985220346387	1
0.532663730054313	-0.000369522483509577	-0.228115476022683	1
0.582005558050975	-0.000396562734068937	0.197567090645934	1
0.617453710337592	-0.000512857122984979	0.0752977869216918	1
0.165545165413997	0.00107847092572598	1.736630633151	1
0.173924568071563	-0.00173785681242057	-0.719257447581604	1
0.172729385735465	-0.00269908705344604	-1.45266400215933	1
0.120807380223955	-0.00301730160354188	-1.75359182233501	1
0.403791719575	-0.00107307550459576	-0.266250830708683	1
0.46904200108087	0.000634282504300478	0.670749680279593	1
0.191823636968731	0.00195439022135042	1.51130101404103	1
0.44622215670359	0.000934853685911482	1.16457398416855	1
0.412642238048013	-0.00157998070727213	-0.857495073644342	1
0.601762393784665	3.89281556640574e-05	0.430498682573329	1
0.573371271773583	0.000173682324472163	0.516688471984634	1
0.377206169927862	-0.000910758244390114	-0.43807570703438	1
0.388470690153294	-0.00164111951661473	-0.559681963706108	1
0.45897189891692	-0.00140141010530587	-0.377891083000121	1
0.0358716308971787	-0.00213822687554429	-0.928804829379878	1
0.507083200039942	-0.00120993066463468	-0.645522903785908	1
0.249491744978946	-0.00125098528347426	-0.408128890512068	1
0.220607685654726	-0.00122252774941365	-0.613496181518336	1
0.0415569262866078	0.00256964341517858	1.28336381228295	1
0.430338517516773	-0.0015798803555843	-0.802638502376928	1
0.0264269677533826	0.00241949648968196	1.13805233617463	1
0.253414689103171	-0.00155491667746769	-0.886211973710352	1
0.617894998044248	-7.31573253844386e-05	0.305127812413757	1
0.547840003631266	0.000422290332849539	0.612649436903302	1
0.39101096539894	0.00108294988120949	1.29935708540499	1
0.533116161115258	-0.00114758505260675	-0.471941568276768	1
0.334554269770908	-0.00105204086006976	-0.0818100578284406	1
0.549295660230221	-0.000537336426465988	0.0649663224467976	1
0.576209279741388	-0.000903165058505143	-0.263273084039797	1
0.511104085278272	0.000422744579301882	0.641099612852506	1
0.433732337851615	-0.000880499039361809	-0.0646407642325557	1
0.5604308674526	-0.00100140476089081	-0.415285007630991	1
0.0221762911466065	0.000302365098465872	0.00469074321769507	1
0.296650739561948	0.000421348290298625	1.15212609247205	1
0.475829499467352	-0.000176184560587412	0.398238020453875	1
0.503436095810243	0.00065924476413309	0.89531610784032	1
0.563125250031024	-0.000558023475008059	-0.170407901145732	1
0.484585446700583	7.0201861352326e-05	0.292308475766919	1
0.470608988394346	0.000520677022445398	0.77315670769594	1
0.352538644762791	0.000803769905687549	1.12585795695651	1
0.611532327435009	-0.000541538023394429	0.122168090759258	1
0.311888230162778	0.00147734034133756	1.33949797808806	1
0.319898974856946	0.000210882429321135	0.803944496170074	1
0.456702551098469	-0.0001563612311113	0.486980855446574	1
0.404566649312528	0.00110156163137728	1.22086028208009	1
0.255256037759068	-0.00140388919858651	-0.874508359437638	1
0.356162734243025	0.000966622499261012	1.21698856006295	1
0.419674861230892	-0.00162293320443187	-0.947187406639341	1
0.623800087644307	-0.000360683126456539	0.137220280612111	1
0.501570085471052	-0.00130230668178746	-0.608692146256662	1
0.29098370369112	0.00113585922963746	0.850141212313594	1
0.232852245007688	-0.00163926948435214	-0.87209285564174	1
0.274644470449193	0.000299082983519308	0.286484513889691	1
0.614579331162741	-0.000568558607369489	-0.0371955960851215	1
0.451906708295914	0.000898613446567136	1.22814582884675	1
0.388744045245914	-0.000154522664978953	0.579015364011734	1
0.37805026209544	-4.53074509350106e-05	0.161858785779503	1
0.624107664706485	-0.000278285868358317	0.098857356386102	1
0.469257562593748	0.000246606726321799	0.706221228393312	1
0.602701185844455	-0.000135582396814821	0.247055091494057	1
0.247109422045592	-0.00154215651807959	-0.509371316727321	1
0.274780966205016	-0.0022174727098159	-1.1294598910863	1
0.468713022929744	3.36922972294666e-06	0.174060004513836	1
0.113787389854687	0.00248387028137182	1.58951723373414	1
0.0337121284038007	0.000676683850726643	0.163465006757797	1
0.445014798108371	0.000303051235518905	0.42213026731674	1
0.135601707404084	0.00189042671439604	1.25195570060656	1
0.162289784778487	-0.00136436441322843	-0.636853964129327	1
0.437518306494102	-0.000303300172056628	0.368271734384033	1
0.328858232284703	-0.00165271553774392	-0.499593839599204	1
0.476210353650557	-0.000293503550494626	0.286242328850769	1
0.509871421807875	0.00021125675037468	0.326883061984341	1
0.258596355979474	0.00170260779044481	1.562161611546	1
0.406791573856049	-0.00152883431857339	-0.495925685185986	1
0.416440374105378	-0.000813438958290428	-0.467716662952702	1
0.0522294954039925	-0.00373384317234069	-2.41430313370932	1
0.514139419108401	0.000342248491331172	0.575121450660979	1
0.498412840582769	0.000704341326537462	0.923263896194019	1
0.557971398338405	0.000311900729218557	0.484646800153837	1
0.341471298302296	-0.00176896982378182	-0.454766372889298	1
0.511605684557444	0.000271711990776137	0.431295798655434	1
0.518837820887279	-0.00104317442542256	-0.515605943261958	1
0.0751717801681082	-0.00174529644058409	-0.963364067946084	1
0.513044725808559	-0.000456801292508583	0.25477281479887	1
0.317245894283579	-0.00145511225304481	-0.760775219320538	1
0.172990476591144	-0.00255381717619207	-1.18208012566246	1
0.402461057043887	-0.000608864281910906	0.100937576570036	1
0.615321857038747	-9.7171540830757e-05	0.21724930877912	1
0.557280840187489	-0.000995331773420956	-0.357568070910554	1
0.573512825941168	0.000275198248283765	0.546267255989445	1
0.188855610855012	-0.0014627167756538	-0.596034498419018	1
0.476231343057403	0.000382730404491449	0.533290017591377	1
0.564927174686285	0.000253619382870217	0.40173878449036	1
0.144820323330139	-0.00146045564671575	-0.680148435685492	1
0.522523913472484	-0.00103538718736141	-0.233573708573953	1
0.602911352654695	-0.000208598920214096	0.177240954068893	1
0.331302897632562	-0.00114119047875043	-0.721118370482603	1
0.198691774357263	-0.00254386036301995	-1.16879926458466	1
0.20158122757865	-9.63132491833412e-05	0.923137214383312	1
0.281315169598279	6.97288355166838e-05	0.18953027717236	1
0.106300842286491	-0.0022823812689723	-1.28294868857746	1
0.251934019171322	-0.0014887770048526	-0.522745382576667	1
0.222145164330619	0.00176710082412671	1.51491518778219	1
0.468282677100752	-0.00107243868119782	-0.492244835228648	1
0.456223991877946	-0.00130363706598014	-0.584576412599656	1
0.169561834974277	-0.00168965509933141	-0.713855836343156	1
0.33615319330069	-0.00154865941205153	-0.85384314410676	1
0.474957890487142	5.07648418830112e-05	0.243480529892934	1
0.574174671447422	-0.000547658720434488	0.0269571692717398	1
0.584766973740468	9.7182360306516e-05	0.479056480853575	1
0.471264728550049	-0.0014125577300723	-0.710389485268935	1
0.426585387128456	-0.00162133463155503	-0.7970106840431	1
0.312098728256585	-0.00158660104833295	-0.844118872712442	1
0.535071399976466	5.35189770709627e-05	0.520706065936607	1
0.280771931152558	-0.00139679737377592	-0.454387375742902	1
0.60969208873593	-0.000447325696377093	0.114845854219502	1
0.462510098826314	0.000258405217457794	0.679117955706848	1
0.61980735636075	-0.000103827852201352	0.305101769108079	1
0.0998348747611836	-0.000433971685674186	0.192601807191854	1
0.548008556299464	0.000463950901282469	0.7548792347106	1
0.328251594063412	0.000387350000717914	0.912382672651297	1
0.264334795592706	-0.000792120456531711	0.350066643155658	1
0.0361321858100754	0.00310146028050267	2.72316607882508	1
0.0511419543750776	-0.000990837467645817	-0.438848296884659	1
0.395351145438906	-0.00150398373641819	-0.813487312426182	1
0.28853507219733	9.96652716988772e-05	0.614331475498234	1
0.286050874330316	0.000717007099977805	1.25951181415787	1
0.557491576092544	-0.0010222568119366	-0.286264107179909	1
0.00792503927972319	-0.000954792847560394	-0.406989129633957	1
0.545009551647262	-0.000118425084555688	0.045669600334682	1
0.259624437878884	0.00162247711763762	1.51650509378974	1
0.504369422958841	0.000281486792737872	0.432084506318377	1
0.112157962479767	0.00249272140544263	2.08253634812819	1
0.430523122542987	0.000211408822845774	0.783186020605931	1
0.448991743564257	-0.000585809080420086	-0.20340754749593	1
0.235132875537787	-0.00199386336456125	-0.946055300978017	1
0.179122557626889	0.00206675293722118	1.7192239390859	1
0.339311463154599	0.0013295919398948	1.4345076201985	1
0.49110187116874	-0.0013487896492522	-0.604293890679256	1
0.176580611778344	-0.00199396020758881	-0.979483514328727	1
0.341937613845806	0.00128627114023483	1.03211274253845	1
0.480798841520647	-0.000597945354303348	0.0809199658962565	1
0.0849435175312429	-0.00315144096790709	-2.10944349618336	1
0.445455480474056	-0.00153338038438565	-0.91394679470865	1
0.295413125541353	-0.00197863378873017	-0.89907015090043	1
0.064519632353872	0.0019689342225227	2.27451804154496	1
0.0977450286383209	-0.00124358291938958	-0.189646090144378	1
0.49504842177544	0.000564806989827291	0.768876022687068	1
0.247825299977327	-0.00210899160287633	-0.816064467933374	1
0.325096834827276	-0.00153904115734887	-0.89177270966866	1
0.397190323298993	-0.00173968804768102	-1.06644869364025	1
0.257296634782439	0.000317190847600191	0.241430486071799	1
0.333572408302065	-0.00132495814430546	-0.576616441650043	1
0.437678322003234	0.000966327573422274	1.20836665769207	1
0.561541111722678	9.49493792787086e-05	0.446939520891465	1
0.569274479049088	-0.000158466763521182	0.138884602505066	1
0.293615292101739	-0.00214152191206441	-1.08228533991294	1
0.520042010382806	-0.00120532019792991	-0.540392291814336	1
0.0742499521482515	-0.00339723140243911	-1.98369467334478	1
0.398423739929251	-0.00142533541958294	-0.299569064354734	1
0.49393486869908	-2.42874177721923e-05	0.501976610307283	1
0.612591256020107	-0.000510019383337209	0.099932777416583	1
0.139952042495137	0.00195945675067048	1.30799630938803	1
0.413216286871123	-0.00162726913945047	-0.780711756661174	1
0.616868210423335	-8.44580124266203e-05	0.24419921798912	1
0.61080522713512	-0.000212199668329659	0.198440872874822	1
0.332022973223393	0.000414415716513396	0.904695831848662	1
0.600886129304652	-0.000487173617598127	-0.047496921230154	1
0.553546611403831	-0.00100488828503627	-0.202286566965331	1
0.0496616935943256	0.00252202586579652	1.29450390967692	1
0.406067277404119	0.000253164781231231	0.387911513855996	1
0.349583794749838	-0.000697511269610152	-0.225946326340335	1
0.107219448432552	-0.00285180713048687	-1.20986855476718	1
0.364024750171235	-0.00155818283000969	-0.720635475262177	1
0.18170948342818	-0.00225018230489206	-0.93686302075301	1
0.26931841469028	0.00150976388158723	1.32604510512858	1
0.529953315400941	-0.00106489704777123	-0.479075071872139	1
0.58631858579843	-4.46883573868984e-05	0.287426833087981	1
0.0178883962810426	0.00376081038487706	2.93681749148812	1
0.519257182335362	-6.3887576270294e-05	0.491851489007521	1
0.13214648637297	-0.00289950412354556	-1.26518449657886	1
0.244926607181562	0.00147466057194981	1.6799002257467	1
0.175776156774926	0.000998441558032172	1.68227960950727	1
0.368676443585453	-0.000611293055961793	-0.296386984205904	1
0.533208761074298	-0.00106794850008664	-0.253900185062856	1
0.174183206874658	-0.00261247858697897	-1.70374884128687	1
0.0819327139541381	-6.87927560930135e-05	-0.00943613862887574	1
0.487131463744292	-0.00134416318694886	-0.616992053867263	1
0.522998734268478	0.000562820071231475	0.759595144989664	1
0.333956651751195	-0.00198597838375018	-1.01879259909506	1
0.172862615378069	-0.00263749164361329	-1.69307326088014	1
0.599228678401453	0.00012637930426628	0.474494536465033	1
0.096384915893288	0.00219928964922859	1.31133265697239	1
0.368238343907155	-0.000269139277120616	0.0163301407771981	1
0.202773694871477	-0.00167814413642359	-0.700421225259883	1
0.371479934095457	0.000908391332035781	1.24414373458318	1
0.563462325382908	2.73193285994891e-05	0.402767694396167	1
0.597109288885237	-0.000214514695815362	0.122315028104973	1
0.603215653364574	-0.000370310148175314	0.146971226809833	1
0.223413467822242	-0.000140120055318438	0.00822922405890769	1
0.222752871281612	0.000430825315112902	0.870293653558298	1
0.46228201264408	-0.00145935399794377	-0.825593658535022	1
0.406498328391886	0.000774140856448354	0.744030754326246	1
0.34173053355773	-0.00116759220945128	-0.714645942532743	1
0.3905907955286	0.000791920504375098	1.15663972480569	1
0.505506165355045	0.000679428103023031	0.831920973947892	1
0.105842073655642	-0.0031462440598158	-1.77955753403594	1
0.125089153771469	0.00152896910484905	2.17223900839267	1
0.365502106920173	-0.000245459444899676	0.0217900773200777	1
0.217196357038763	0.000134232480482124	0.805628317909653	1
0.503661292424475	0.000629696202785473	0.880575589256643	1
0.27821759359611	0.00159278831585763	1.4374313322697	1
0.404657088244996	-0.00071404682661032	0.157322286955061	1
0.362494175448303	-0.00185792344722867	-0.801049630525835	1
0.580078785896931	-0.00035901539733475	0.252813167839457	1
0.599423948822649	0.000134197996329611	0.464829600152451	1
0.441442552076631	-0.000641903068862291	-0.253850938608339	1
0.246760469544673	-0.000583590077244331	-0.212261758205657	1
0.58156008889854	-0.000504236544066339	0.0208947789453401	1
0.417974864278316	-0.00158346431496775	-0.773046223560836	1
0.367985215264648	-0.00119434461636428	-0.277990044174515	1
0.123565641068544	0.00154018048958094	0.874645466455419	1
0.14717341519818	0.00160780856829756	1.09575588391027	1
0.525106111438382	0.000574460073517965	0.825349439938839	1
0.488472595551402	0.000154203439534409	0.589947679239184	1
0.160198455525991	-0.000254041509185031	-0.0953519845408089	1
0.493171263497645	-0.00019108061875352	-0.0138691382935269	1
0.511014248873644	-0.000925663757165214	-0.130828560330847	1
0.268982192096418	0.000496824006546109	1.15591701210981	1
0.364453693764555	0.00113407230622773	1.31745211715943	1
0.569390978787565	0.000300169607523312	0.555711807981643	1
0.604757329027807	-0.00054394528707565	0.151069496790608	1
0.106338831254424	-0.00285536737306866	-1.83317972402223	1
0.392857725188668	-0.000895226709013203	-0.0277649061479175	1
0.500465056840376	-0.00123123067647224	-0.364027157649558	1
0.420995671773821	-0.00129004826769929	-0.543725299121499	1
0.406448720484213	0.000283164668675816	0.326152680608017	1
0.406103490042482	0.000736245522356829	0.700426654715911	1
0.0272214884717581	-0.00049949194204554	-0.223652282344535	1
0.189686914524177	8.09113478819921e-05	0.140557672185825	1
0.42784663776335	-0.00161720867702384	-0.814434059402881	1
0.622145170464647	-0.000152923835918583	0.298404035466094	1
0.332840326172166	-0.00147106947006466	-0.842400286968232	1
0.275319508313746	-0.000786605760545331	-0.291802287896633	1
0.239176712006328	0.00162873184835689	1.55899678962363	1
0.529575226319532	-0.000536842784558003	-0.15966490655365	1
0.166817713498956	-0.00130681143368683	-0.609686466032305	1
0.327650589378487	0.000653733838325024	1.14361037032336	1
0.61771804392764	-0.000122527747813524	0.213119755051173	1
0.584145693096721	0.00022414221839396	0.464182716276189	1
0.479653769425646	-0.001226353315476	-0.187446685188722	1
0.621799851664287	-0.000404635525372571	0.0803730673210908	1
0.530584577763077	0.000561525838154159	0.959582512761095	1
0.304162123269607	0.000268706405199478	0.302660308849427	1
0.380090871842818	-0.000499108255080689	0.381890635589663	1
0.500736358360887	-0.00127138278826078	-0.631848795675531	1
0.0463967663437788	0.00150185285271524	1.00841214271628	1
0.624219066118864	-0.000256875214608307	0.0997038863948171	1
0.574465846514362	-1.43593450314254e-05	0.301500962417335	1
0.435335580874485	0.000190735229720146	0.750019790159841	1
0.307397328148054	-0.0017332423283792	-0.703884015908445	1
0.424297698530445	5.08027314007548e-05	0.116187813396534	1
0.548871325435252	0.000446071950572488	0.632595095812958	1
0.187122914194314	0.00189857800896771	1.34084183989225	1
0.594735026186098	-0.000156746923364377	0.306577644867436	1
0.468838712110245	-4.29265299645619e-05	0.262237485786406	1
0.369269862214993	-0.00185083865244352	-0.918288005004442	1
0.462771714149549	-0.000161322102536638	0.470427406735373	1
0.274867560712994	0.00162683167972831	1.47579566979864	1
0.162019071563416	0.00209033546438329	1.91288300551665	1
0.509487223995922	-0.000499155117084935	0.183389529353761	1
0.138846041287017	0.000710107038979972	0.36584659541789	1
0.594048619303181	-0.000555773287908757	-0.0901190763741712	1
0.499549206742411	0.000605312039558	0.789229402439629	1
0.119200768361099	-0.0019562681486171	-0.750109615809003	1
0.543750086781247	-0.000579438310433004	-0.19348388537788	1
0.429375739078453	-0.00128777628258026	-0.347566068229534	1
0.432438020231749	-0.000140214139321973	-0.03159666377923	1
0.529958258146882	0.000347304711072101	0.635377829888238	1
0.509473475523573	1.42133188911906e-05	0.275578705301716	1
0.604856985917465	-0.000365962048220748	0.144530341805261	1
0.075908498664157	0.000627047393331551	0.163956772318705	1
0.284874866271849	0.000600866605958835	0.447971686502461	1
0.505162406900632	-0.000729375389659697	-0.0402506478550323	1
0.408599009196763	0.000881709915869255	0.868241634656741	1
0.475505136810134	-0.000627316560526366	-0.355948965176619	1
0.600156227873386	0.000122113399229246	0.472866187917143	1
0.582844261728864	-0.000680268487516054	-0.120765711113549	1
0.421303361886026	0.000896926410602505	0.922883156523788	1
0.544632147344683	-0.000812523179918239	0.0105870678169349	1
0.323644266235414	0.00143108668798918	1.22647058961938	1
0.309755769682723	0.00093864608614952	0.688225382261195	1
0.59807825185643	-0.000390147927452087	-0.0219293823480377	1
0.369614617998006	-0.000475781603724132	-0.0662773852144445	1
0.39199815349847	0.00114460530923946	1.06058528357073	1
0.338219933898264	-0.00141507799673058	-0.820994812888509	1
0.306978516703069	-0.000630775892910371	-0.333772736723616	1
0.228057703705679	-0.000246128256178325	0.680314942930767	1
0.606308205736405	-8.91988102243724e-05	0.28499371600169	1
0.568511108663409	-0.000892004033109353	-0.118752058421797	1
0.180413904298478	-0.00268537212762908	-1.36622823297179	1
0.178953412217411	0.00167856665909063	1.16698531424756	1
0.356936058324462	0.00121332700250946	0.979947256462382	1
0.235547019302958	-0.000698203199314308	0.139153096362571	1
0.349891838857022	0.00129507773856957	1.22054375754357	1
0.621607286454322	-0.000145527668614203	0.30043925727164	1
0.616889613506941	-0.000545240181067971	0.01006966806313	1
0.359864425360782	-0.000373515618913454	0.485724754088271	1
0.242131066923184	0.00165336429915203	1.20969007142336	1
0.567339115805527	0.00032546442470286	0.525760821708818	1
0.448438159800778	0.000177740462613744	0.252878969275488	1
0.488204370631221	-0.00111725807217594	-0.688558657549606	1
0.57440296599421	-0.000402041572358047	-0.105038755070395	1
0.595354963332786	-0.000759302062281175	-0.112125789729083	1
0.0229883618773044	-0.00312709228610505	-1.31223461916565	1
0.492324641792088	0.000264952079222262	0.555840762147233	1
0.183169442540588	0.00175518338040999	1.68991096473533	1
0.407334627683457	-0.00165755816973234	-0.800924670378503	1
0.218394231621856	0.00180367176701048	1.34826494557678	1
0.583348706195674	-0.000859987727614021	-0.208335966170437	1
0.487037555802202	-0.000153280343551308	0.441603390020006	1
0.46527891635959	-3.39239247993953e-05	0.576319701005992	1
0.596710581176101	6.68607702051222e-06	0.411867269206801	1
0.573690067198482	0.000321774493469997	0.681027857066701	1
0.354623475262286	0.000705899846510876	1.06238729792422	1
0.284568006463015	-0.000312561147681767	-0.0162198106982754	1
0.581985871646131	-0.000635872809738942	-0.132775348514522	1
0.509672682949122	-0.000957002149344105	-0.133187873616725	1
0.232497002740799	0.00157023556091235	1.73671321747969	1
0.408213473418109	-0.00123316453904187	-0.114986116428955	1
0.437790671312222	0.000767274538270193	0.930826254779381	1
0.114273076870677	0.00249231088300742	1.99405364841161	1
0.59280140452984	-0.000171400869484473	0.133146349749535	1
0.20950776793091	-0.00252899745223439	-1.13632954099187	1
0.145583659962317	-0.0025866067454028	-1.39399380440841	1
0.190461371576017	0.00131962121080765	1.49684102300348	1
0.34235312301349	-0.00090932213997188	-0.129270740847961	1
0.431985576366362	0.000990353432262357	0.957975560253135	1
0.015795125252651	0.00403808418975782	4.37741607216568	2
0.0135292612142804	0.00496543241766664	4.8041479732876	2
0.0175426653359059	0.00278516327528583	3.41510902825681	2
0.0378271294257462	0.00242109038283301	2.89625238178024	2
-0.0601501418081967	0.00135965703073176	1.8158898452006	2
0.0280542461809857	0.00226183431632509	2.89832855860491	2
0.0421910213738333	0.00237644758322371	2.67413053710999	2
0.392649674754229	0.000949421352758753	1.13046819976043	2
0.0444245611485858	0.00275841175780654	2.73719261186041	2
0.0440689036086131	0.00260587005551453	2.91176459083675	2
0.101201668096345	0.00218195268308721	2.26784841770397	2
0.0308813287389739	0.00413842027080969	4.03789280712111	2
0.0426023140447873	0.0029686578580323	2.98782746145237	2
0.00697087585060869	0.00206345967879135	2.57391895582671	2
0.0078419697419692	0.00298179516269247	3.67396217025767	2
0.0214685962331352	0.00259232579883234	3.21267484149467	2
0.0442527373758909	0.00282400256129397	3.00317331078454	2
0.0432310517237337	0.00103450550836071	1.89363654612217	2
0.0146791170836408	0.000755953943618161	1.92563934668612	2
0.0415706909508351	0.00188309301870966	2.36555924685566	2
0.014091635145809	0.00370992713304264	4.19126097262379	2
-0.053526086725695	0.00013237118864845	1.06498933903118	2
0.033357452063004	0.0021781704923643	2.76741654450946	2
0.0366384460099375	0.00367788403202846	3.68887529053428	2
0.0305470713823273	0.00365639132849977	3.89296405215939	2
0.03974164520875	0.00315518938456576	3.52008381402461	2
0.00024503829696207	0.336099322184052	101.164787192865	2
0.0206581336030462	0.00352201384502384	3.95136649726125	2
0.0223451638827118	0.00352683489106142	2.97653311033947	2
0.0227645278764244	0.00313963854865217	3.53485332579998	2
0.0446209619354888	0.00299659936853103	3.0924729602154	2
0.0447988975106371	0.00294064916178771	3.0970139688658	2
0.0439921880217407	0.00302337001659627	3.05170465572414	2
0.0167166590088387	0.00433241702544643	4.50575299354836	2
0.0240503022552421	0.0035672107870445	3.80597772080766	2
0.0269523904507076	0.00396659907719279	3.46541265744742	2
0.0445729316440955	0.00298645666593634	3.22935951672051	2
0.0398212895407691	0.00277936203533851	2.77812893469693	2
0.0335691131746492	0.0019019136794248	2.46969403112288	2
0.031214749792518	0.00377737820244582	3.92798342824961	2
0.0375992192492472	0.00286288122844081	3.25252157583684	2
0.0443524527087644	0.00238798560253616	2.53058714398241	2
0.0371661715571088	0.00355149346012206	3.79282757847994	2
0.000246056025656915	0.336165565459994	101.322554239037	2
0.0171599491493394	0.00206265957474078	2.64601655909904	2
0.0264568243383122	0.00414068885688711	3.75141448924258	2
0.0508805360890634	0.00156225968544249	2.10286104353471	2
0.0367076712282331	0.0030463106700821	2.94114223524854	2
0.0387017051954234	0.00357293120273081	3.73913458550548	2
0.0422873565490853	0.00241768180483669	2.72652429608914	2
-0.00597432481808901	0.00160715968062916	2.2804965238685	2
0.0295590088231418	0.00322955045681173	3.48997847047252	2
0.00897326778955092	0.00559807828101083	4.46150433669724	2
-0.0737294639351379	0.000961752387266838	1.95539240031628	2
0.042480641662171	0.00297420160964627	3.32443039206199	2
0.0268195055909836	0.00402808250684974	4.09610549457181	2
0.0374800479916466	0.00151030420867229	2.23312381103952	2
0.000245209809883128	0.337358123168114	101.877861799841	2
0.0283819371508605	0.00369160313011744	4.02458737695827	2
0.00535336254017825	0.00177792880052012	2.44192183598191	2
0.0419561689608178	0.00192855291445806	2.33149338065331	2
0.0318376501212524	0.00401000237316371	3.9751441684027	2
0.0222557280944377	0.00419499163843166	4.31184669882815	2
0.0448287197342722	0.0026226097234295	2.64280448385461	2
0.0257524117278382	0.00233596562611888	2.82166004925658	2
0.0379319829429199	0.00147572078654249	2.23003428481557	2
0.0428495257985557	0.00327090658622519	3.50196487498271	2
0.0446414791425851	0.002540025552037	2.67764639176887	2
0.0446649362204894	0.00252383334055294	2.62626960604858	2
0.0448796854700688	0.00260253903593309	2.76939851816089	2
0.044459210306547	0.00303424744985383	3.049519694744	2
0.0370030803958951	0.00170781210667093	2.14363978492312	2
0.0176357627273211	0.0016029422179236	2.42820350097345	2
0.0438454938899252	0.00294066682096939	2.9280292795731	2
0.0324727922922762	0.00162643156860312	2.0930894644776	2
0.045435085199384	0.00300414824535897	2.65529480106408	2
0.0164029163363164	0.00245847530778525	3.05554383028101	2
0.0477771270733919	0.00177515407417651	2.29020731651474	2
0.0344282304226801	0.00336667331959114	3.24913071806451	2
0.0247989881754973	0.00236460692040275	2.76338608118821	2
0.0272001409464913	0.00397000459648561	3.47580232971406	2
0.0401661421191699	0.00352087870638439	3.69625992237249	2
0.0388113859815459	0.00192568176431525	2.42915780349843	2
0.0447704422640212	0.00253563994456597	2.66630695106369	2
0.0136124154202087	0.000294978062375302	1.46566432781211	2
0.0297813535390742	0.00416506580140594	4.19544956729716	2
0.0221884204500467	0.00379691707588176	4.12957706158142	2
0.0309926431759078	0.00326532357311532	3.02191536118526	2
0.0135926522437234	0.00509763503222367	4.31843614805084	2
0.0395694411131732	0.00241223698298262	2.84841590976786	2
0.0242362350897067	0.00437694321623799	4.28183144528278	2
0.010005603062938	0.00550663173309421	4.66866250883593	2
0.0442893015442389	0.00237662502632088	2.49900338731661	2
0.0181962403921857	0.0026146176957431	3.2098516215851	2
0.0420270208995335	0.00291912289013572	2.92724231586091	2
-0.0462397831768919	0.00137792049747533	2.25943841266606	2
0.0447060663960663	0.00269532466934625	2.72983621026713	2
0.0285747257451482	0.00230032774366872	2.86249298303089	2
0.0442287443317397	0.00199302720608713	2.36051213122135	2
0.00282102690181975	0.000162411723742293	1.32846124872827	2
0.105809600850642	0.00161809375034448	2.17143325835826	2
0.0440872148109824	0.00205923371944335	2.30627071493362	2
0.0287816538024461	0.00230716680246139	2.86045348387172	2
0.00652397723500231	0.0016525449132638	2.45925390169801	2
0.0180439861715854	0.00461044681609648	4.67268410847208	2
0.0300551934035987	0.00422269217105417	4.27299863760662	2
0.0225502371233764	0.00308211352521373	3.60204176607435	2
0.0386166216901584	0.00308448467389108	3.43808245890483	2
0.0253230656866598	0.00340946347721414	2.95283391249329	2
0.0173749134700227	0.00470316678947347	4.03608887677036	2
0.0483408909502146	0.00219269566836475	2.42371579102771	2
0.0211212347714587	0.00106384165614726	1.75192000454709	2
0.0309691957727388	0.00334028394329793	3.5959254650731	2
0.0358016802825475	0.00309012364594239	3.39866399556877	2
0.0241700484873485	0.00300331317868974	3.49098008472536	2
0.0354228048060121	0.00240666781575174	2.88535602175468	2
0.0327644052822604	0.00185467199445011	2.38732593909357	2
0.024791806784482	0.00450687003511446	4.19574992941933	2
0.0341653964059861	0.00397473450144994	4.01529397408352	2
0.0514913340335506	0.00167167529313671	2.21276581001242	2
0.0364209359177047	0.00235600470344031	2.9527864528108	2
0.0275313333221087	0.00432701752220364	4.34385680996089	2
0.0168725646864144	0.00456342030226862	4.7454545350436	2
0.020023683614783	0.00457753068599454	4.55366986352532	2
0.00694414485757896	0.00555169486967	5.24088541041377	2
0.0291466018253365	0.00424239867492387	4.13013392468633	2
0.0157363085691533	0.000737302964328021	1.82651966361621	2
0.0417438248520459	0.00319321489457655	3.56441419069587	2
0.0433893172953475	0.00183060126593726	2.27273079265924	2
0.0466386051989006	0.00168890372300578	2.17731207057604	2
0.0344141294797351	0.00388931367109917	3.88920492394134	2
0.0322940115218727	0.00224465223247538	2.82745783575503	2
0.0392504660180526	0.00358974147115797	3.51975540112794	2
0.025002053591537	0.00256156952740938	3.05679388510419	2
0.0299706031750514	0.00276074637683127	3.24969220353329	2
0.0404521065774725	0.00283827087625366	3.46669977931572	2
0.0448196611359634	0.00209372193128867	2.35478522212111	2
-0.0124259013639113	0.00217014094037043	3.10010884188734	2
0.0228890922623676	0.00294294969407024	3.47217082145398	2
0.0425571385489683	0.00191149865788761	2.27721516359548	2
0.00431851512649867	0.00517233403041835	5.2582844305783	2
0.0057354718778953	0.00408919641807099	4.6898975884927	2
0.0426379706921057	0.00326394007866634	3.50015554658316	2
0.00891565819004128	0.00491652205999972	3.80473685427363	2
0.0395229854120827	0.00298132785994751	2.93099556375756	2
0.0457792094017553	0.00191903778013137	2.35181701746739	2
0.0439250814328581	0.00296180639962222	3.18354555908082	2
0.0327317109894787	0.00351459584068186	3.13743589502388	2
0.0445477014276714	0.00249546323284951	2.54538990731751	2
0.0369899805263503	0.00206911725019646	2.60362218486484	2
0.0365411828773053	0.00211673561436708	2.64779800321849	2
0.051063166867634	0.00181737322726604	2.31367969814475	2
0.0337595669530208	0.00168167654809752	2.15081513056085	2
0.00814472777455088	0.00518942231902836	5.05483581856913	2
0.00729890128912171	0.00326619084389144	3.94280271275657	2
0.0288501812478201	0.00414288299204264	3.94734045972582	2
0.0840093565855985	0.000236384457486624	1.39284982573749	2
0.0823005307322368	0.00148987152032146	2.09054598589728	2
0.0296354063284796	0.00424243751499071	4.19951050667394	2
-0.010200787995654	0.000633541918266814	1.7531392392467	2
0.044585611637006	0.00273550214128422	2.82288510150118	2
0.00918400341392213	0.00306361712818192	3.70816563493302	2
0.0163918710372469	0.00502245934658363	4.38695408583401	2
0.0306704151667562	0.00412281624984355	4.198412807958	2
0.0221203953942284	0.00136490856222836	2.02680777665342	2
0.0237041167261579	0.00320274718309562	3.4965561844376	2
-0.0492970712342758	0.000988100699542071	1.86441332647033	2
0.0344416319795922	0.00309648741620119	3.39985787468834	2
0.0340540562751981	0.00362400548242902	3.54085572048416	2
0.0292136080356274	0.00426114853193737	4.20560976381777	2
0.00825526148281298	0.00232612180001266	3.07359634194837	2
0.0223845365173111	0.00440292564804449	3.89450872788719	2
0.0283217248616556	0.00284132280897042	3.34481654433628	2
0.0349351010215653	0.00333044804456488	3.24793274727407	2
0.0228412264589382	0.00439793616805273	4.45739793870372	2
0.0411587326429216	0.00346536863702594	3.66877853073494	2
0.0450189498449407	0.00276622626426321	2.88845626590428	2
0.0443267228722729	0.00229907080452083	2.52974341121355	2
0.0100418229381124	0.00532531354652245	4.26292763133345	2
0.0309199523916048	0.00225455321417609	2.73451962577107	2
0.0378136729919738	0.00325796873074236	3.59074490244121	2
0.0420141701961867	0.00321337067945912	3.23782546220732	2
0.0326825336374355	0.00406787946849646	4.14213965138687	2
0.0236078713857119	0.0039877034846579	4.17386193760657	2
0.0191958380891438	0.00296945031581051	3.59198269398306	2
0.0337874841089323	0.00310371042795213	2.94102701758087	2
0.00701079826480308	0.00197076458724557	2.6462443768861	2
0.0202806875505311	0.00461041864224759	4.48440978805243	2
0.0317784828177764	0.00350032220521045	3.1377278121839	2
0.0433622020757277	0.00311445325292738	3.44082242981182	2
0.0399628233140161	0.00351681347958624	3.59000065090547	2
0.0415278214103587	0.00212715777266151	2.34756928782319	2
0.00405911329919963	0.00570128824629778	4.16225858911368	2
0.0312856720608627	0.00410556167825316	4.10225451987144	2
0.0420766550016933	0.00336457246150267	3.51889834972671	2
0.043570899976787	0.00317086866731815	3.18454770352887	2
0.068618196478862	0.00155642691996538	2.22810164556413	2
0.04392172847637	0.00274605776720348	2.95092054975963	2
0.0337387635306636	0.00396506832031452	3.93686662152106	2
0.021953856514012	0.00459429812416185	4.18675392945484	2
0.0139074662913149	0.00202264859014899	2.63973416059162	2
0.0331584658500937	0.00225509790041296	2.84893202754746	2
0.043195495113363	0.00280637322379387	3.08217149488942	2
0.0436716010815402	0.00222337670274929	2.36577856160657	2
0.0793642676452713	0.00187117752424666	2.36628515979989	2
0.074899158285605	0.00119882484449996	2.04576851433304	2
0.0099962432702386	0.0017350816634846	2.53996193723388	2
0.0443716531007586	0.00248248842525006	2.54039945637053	2
-0.0369098532182849	0.00112677380248348	2.08567923962002	2
0.044110965599678	0.0024943920405509	2.60471092421792	2
0.00909072161204496	0.00258917355545448	3.46413005237351	2
0.00627745171059361	0.00545416170731008	4.18220417467993	2
0.0182964701874506	0.00104356921122808	1.75096265458999	2
-0.121306989888397	-0.00103766141909667	0.197750557091551	2
0.0445630366697966	0.00294897370156385	3.11515039127912	2
0.0245543526809702	0.0013706559848218	2.06448637014721	2
0.035236840353635	0.0037746489535034	3.88349380049524	2
0.033114645718754	0.00400923754876897	4.16415894852023	2
0.042474920512066	0.00281717218253822	2.79116569086723	2
0.00833195225454594	0.00535410033021727	5.11588521039261	2
0.0412610130642921	0.00285367472475255	2.81864761539637	2
0.023290870050429	0.00412227801121468	3.58981246864739	2
0.0482640358788009	0.0022918564630411	2.45372848160106	2
0.0039697727244919	0.00486025613080185	5.39462423439576	2
0.0557731063793754	0.00235839627490975	2.46648326524886	2
0.0220896644828408	0.00371030925384744	3.12728480486199	2
0.0263443130248369	0.00364680077889125	3.22513115439197	2
0.0373501760778676	0.00329421397424394	3.64154015052457	2
0.0229530284489648	0.00257524878341076	3.17850629503256	2
0.00142988282564058	0.00692847662657472	5.24168060671166	2
0.0227720728578286	0.0021045165062199	2.69459729479505	2
0.0250884385304842	0.0028212278978652	3.2563036706768	2
0.0449428397760155	0.00268672324926715	2.81560225872338	2
0.0404627073235043	0.00216566316164797	2.42886389425663	2
0.0524279684127671	0.0015892620354303	2.1231038868388	2
0.0216988475972497	0.00469543946124144	4.21472930161551	2
0.0200373439460232	0.00480418387826061	4.42239395409273	2
0.00024607989181767	0.336905656540601	101.635178622301	2
0.0171680506492183	0.00203467962289939	2.64101956953173	2
0.0211452912375573	0.00203983166511804	2.59238568980142	2
0.00779963632513796	6.53322725402142e-05	1.44308055615623	2
0.0413429147937459	0.0031514270775554	3.54014241120631	2
0.0258739945912343	0.00445929338910343	4.28335139968698	2
0.0517652846396124	0.00206612688346546	2.33687508385027	2
0.0322015424240661	0.00409602378792493	4.20675536108435	2
0.042286610022695	0.0023174377431054	2.56687658196042	2
0.0376913561486309	0.00179286535471203	2.27063178525135	2
0.0150594138114293	0.002510758280886	3.17326505582858	2
0.0406226889815566	0.00336014583600115	3.25986672341046	2
0.027249763443881	0.00129916823825095	1.88163354026023	2
0.0426760966370713	0.00202647468387242	2.31848857431458	2
0.00276356207438234	0.00341765648179182	4.17885179431979	2
0.0176895576137969	0.000711894888557552	1.78151551649269	2
0.00447597738963769	0.00502156810239312	5.35099201866044	2
-0.00545877557556105	0.00171168151175542	2.29903273202895	2
0.0439231446826844	0.00258201602743382	2.72039942913812	2
0.0250805186773564	0.00268272042688755	3.09085843772875	2
0.0197920288959456	0.00481651305082144	4.4377289465213	2
0.0322082773737172	0.00336577594031001	3.03930025966187	2
0.0350123230858545	0.00361308439142578	3.71040512994937	2
0.0358224950533241	0.00382214320875681	3.83403620501771	2
0.0305327964745816	0.00260681406986428	3.15671399785936	2
0.0403199447311477	0.00351376031586607	3.69617971445327	2
0.0305174578434369	0.00372429310840368	3.38508836299043	2
0.0532818381125384	0.00144860895009878	2.05319424346338	2
0.0330141478281815	0.00266366267761405	3.08926200864322	2
0.0409346962565914	0.0034720896845412	3.68615403014441	2
0.0394681028301821	0.00306406962584209	3.00618700086505	2
0.0347069354227535	0.00386770434220521	3.85409814720544	2
0.0431507987485635	0.00314914612563342	3.26669073207238	2
0.0212338463407565	0.00136777094369582	2.05745481375115	2
0.0257520931725773	0.00417492472450135	4.27422068167759	2
0.0387729259772258	0.00365884009706366	3.68474232338545	2
0.0402554992036077	0.00331011411730556	3.5743146792573	2
-0.00175426320999719	0.00165442870168127	2.37346694750592	2
0.0139272512010226	0.00346616747040936	4.20398577879157	2
0.0284999502671797	0.00429716462553059	4.2001780990271	2
0.00927872899842463	0.0028442391236199	3.56135989828525	2
0.0110770754408664	0.00362988955200383	4.34118168011733	2
0.0255975754015561	0.00201393999576126	2.64297326913119	2
0.0175761086947281	0.00377752243020176	4.2520260192031	2
0.0357737850260641	0.00346162194914508	3.83480202986482	2
0.0403661770753828	0.00297926688145922	3.51220434314921	2
0.0415675082011884	0.00199380670338732	2.33549636500507	2
0.0133291375725177	0.00407316277317395	4.49501513487775	2
0.0323407827940445	0.00365402025508717	3.83647469686595	2
0.0338600903358305	0.00399637934757113	4.01559357408683	2
0.023312672710804	0.00421596928419607	4.3881214388194	2
0.03422025115257	0.00332999933253207	3.67886095163381	2
0.0232175008970703	0.0039189686156504	3.30460490550121	2
0.0257643533934083	0.00261771176381877	3.06203550564475	2
0.0308392242847966	0.00254816349522115	3.07381257591174	2
0.0266295725566083	0.00441808791560837	4.33420285678991	2
0.0150890737712945	0.00209926789001386	2.72263982989196	2
0.0429566414489245	0.00233169194370387	2.64111201670509	2
0.0242550731936285	0.00430127694218686	4.41559213765433	2
0.0083526054575247	0.00567906969353659	4.6763504252522	2
0.0399840238941055	0.00145832206684762	2.17827593591975	2
0.0339330997657664	0.00251440025883259	3.08303849479682	2
0.0332967123089056	0.00360564131170729	3.79601129999852	2
0.00957277421909385	0.0031996693032232	3.84893113009872	2
0.0312491156250296	0.00402596816645539	4.11674965601726	2
0.064492681868215	0.000940488787831998	1.84653368413779	2
0.026746749519966	0.00337131928189044	3.76177550700909	2
0.010097696928575	0.00192349781631518	2.54615452630644	2
-0.0230707994387589	0.00182750263084009	2.74616369564822	2
-0.210022705384542	-9.04236135243576e-05	0.908666926904154	2
0.0417158197649723	0.00239681197416885	2.76596593615151	2
0.0444086220210674	0.00244820589856213	2.50337057064329	2
0.0344802357918925	0.00350887080903868	3.3583909626025	2
0.0251249352427303	0.00351652779047876	3.03153179986076	2
0.0117945838627803	0.000595483392871067	1.75652189491653	2
0.0240219287487025	0.0014197682476809	2.01506028470639	2
0.043596431388806	0.00285398669274902	3.09320998557651	2
0.0161413039398773	0.00442222795248647	3.67688423895589	2
0.0319681920747203	0.00314884054826041	3.39070860927103	2
0.0252235903107408	0.0042546870841622	4.36722145667102	2
-0.00286277791983918	0.000866579573350025	1.75187178532484	2
0.0447749457045757	0.00198958425781922	2.35841458538477	2
0.0216711978614962	0.00386165614869825	3.26094133576317	2
0.0117336531242786	0.00501933455682349	4.1392472323802	2
0.0210940359312719	0.00385556294103545	4.21318721833169	2
0.0426754503835506	0.00268485871053903	2.95075759653576	2
0.00958683773744122	0.00125577909865576	2.06829012715304	2
0.0357056145228781	0.00371581708684961	3.85134161303567	2
0.0181145036260137	0.000735968147426804	1.78196855972872	2
0.00789902635273551	0.00563101001326918	5.00817643746072	2
-0.0105827517439965	0.00140934732641118	2.40363020327768	2
0.032055755824248	0.00385701308586889	4.03311698607781	2
0.0227522622358123	0.00175843197932316	2.43002242438869	2
0.000817436002921798	0.00507695148702943	5.72687432090074	2
0.0427294700551095	0.00202502419507138	2.32221466979236	2
0.0382021122705219	0.00351922137495785	3.72754167323064	2
0.0926679017902008	0.00256286197673391	1.95513418927024	2
0.0111615211565466	0.00410605011910846	4.61383830961869	2
0.0388850325194884	0.00119357386156844	1.85011417064022	2
0.0411431278547778	0.00336884031581598	3.31370173718191	2
0.0374395926335024	0.00338972471056159	3.15555659257652	2
0.0391147417010079	0.00351480534684766	3.70971754780365	2
0.0441579630281527	0.00234705273819974	2.49539046311019	2
0.0394684463009924	0.00339105645426919	3.69812022108442	2
0.0446252742308445	0.00291385416542967	3.03786590713927	2
0.0431018194165632	0.00226872365607172	2.52173337561918	2
0.0404286340158217	0.002806540791133	2.67966491814964	2
0.0149749602387734	0.00475024362603799	4.01120025822979	2
0.010204220403349	0.00475890880323859	4.86229993731802	2
0.0175934892780895	0.00266645487659936	3.29225652609066	2
-0.0118027760062846	0.001336891090114	2.3754060626892	2
0.0328883773960217	0.00401302347003867	3.88845234031767	2
0.0382040594284957	0.00309730690824195	3.43723458286438	2
0.0388173250647179	0.00352649544450271	3.72720191193515	2
0.0505571971603219	0.000884222850358681	1.83103474444052	2
-0.0404509921804109	0.000251918868187136	1.18303772478245	2
0.000991392163200252	0.0059574479283253	6.07115392621312	2
0.0448301736249635	0.00273381264547471	2.83037763161011	2
0.0335652768645366	0.00382344459594868	3.92609856332481	2
-0.0239731368566954	-1.51069310150959e-05	1.50864033551084	2
0.0320404854381416	0.00240630871419059	2.93626118326109	2
0.024394394253797	0.00361593559045075	3.79665079905144	2
0.0434357792384735	0.00241255360954916	2.63421825566729	2
-0.0526927591838291	6.81635469560824e-05	1.0891271806308	2
0.0359470939905809	0.00276107867323281	3.1527968236169	2
0.0437707838511924	0.00221817307433332	2.37688606815198	2
0.032195060018743	0.0032359101734474	2.9484688387334	2
0.0087697792726591	0.00134572448795159	2.36211771372927	2
0.0216920137658756	0.00144443051931716	2.10237684554168	2
0.0303739364284763	0.0031307613989532	3.39289829981677	2
0.0116354511380707	0.00102333551522631	1.69269710792452	2
0.00375683766692854	0.00259197910803181	3.4669497858648	2
0.00561735966029513	0.00454832687214627	3.30497801371513	2
0.0193191402937161	0.00187386708693907	2.5920730325113	2
0.0282249401737197	0.00357481581004828	3.98826649606675	2
0.0122456174905397	0.00148239529076944	2.31241335108625	2
0.0428991856259319	0.00301821572876538	3.01070919589699	2
0.0425060528748667	0.00263046980614002	2.87912120444089	2
0.0449633816841113	0.00263668219468487	2.79428256844746	2
0.00988417635162721	0.00446604335700369	4.68549773267322	2
0.0265227048377068	0.003885818869705	3.53478011161578	2
0.019419044716802	0.00480578280137665	4.2819575273143	2
0.0368020337646345	0.00186832439216048	2.34137396818151	2
0.0192477565564482	0.0034797550642325	3.96705783598037	2
0.0270895925208006	0.001775674565262	2.42585712682507	2
0.0329667580185761	0.00220333515909429	2.79773932566218	2
-0.0186659655902935	0.00156247000733183	2.16791089828181	2
-0.0406186670525175	0.000640912009007851	2.01126142844993	2
0.0368944761619744	0.00132234929217829	2.14867573906036	2
0.0314340880942797	0.00353843302398054	3.68868068270575	2
0.0353660132864077	0.00183972304146439	2.34140022287035	2
0.0298071071205325	0.00422796973135928	4.1905836747369	2
0.0156808470209594	0.00422288054313108	4.43803846762827	2
0.042497071095901	0.00330135741672404	3.47325835087583	2
0.038602149765023	0.00315574661587791	3.5543753427462	2
0.0321079870807685	0.00272184134448754	3.15702013801187	2
0.0334025270314791	0.00374295232121158	3.78412845397662	2
0.0316209713618045	0.00373331369645571	3.58770755927645	2
0.00594851449185714	0.00469105753228085	3.42645962116242	2
0.0436499227246451	0.00316756553967173	3.32321160226222	2
0.041962669559664	0.00248518016434673	2.92195533019498	2
0.0330969127610415	0.00281413959298081	3.30408975064831	2
0.0298143486725279	0.00379507447024079	3.4762061670063	2
0.0175450997683788	-0.00514742745798463	-3.18869267204352	3
0.00454871334303495	-0.00709799488469128	-4.7304045670776	3
0.0155689918862488	-0.0059177305223494	-3.66974886742795	3
0.0168370984502999	-0.0055299494617511	-3.50477472269585	3
0.0159749886567056	-0.00594916071837967	-3.66796793260597	3
0.0182462664068759	-0.00449281534921008	-2.37725094447565	3
0.0129873523290244	-0.00545869067214565	-3.67127462231797	3
0.0164771052918281	-0.00519288565946972	-3.37237747755655	3
0.0133492692422456	-0.00620815848096581	-3.92706458993324	3
0.0130983603814702	-0.00642658698173396	-4.13620693441888	3
0.0013842343353253	-0.00450885718894307	-2.43384322460081	3
0.0122517065655005	-0.00541017928157392	-3.27203310847443	3
0.000758230742959196	-0.00441310174687402	-2.44719743063366	3
0.0049474624238757	-0.00764100306040351	-5.00500622430459	3
0.00738112213233417	-0.00669399963702818	-4.16762176907853	3
-0.0116200869138839	-0.00288595845129254	-1.09913690943567	3
0.0144798215648672	-0.00494263125386154	-2.79060434650086	3
0.00272878952365924	-0.00534222704534493	-3.0378927518592	3
0.00480691618697961	-0.00774709435776056	-4.91544967628062	3
0.00765031512287689	-0.00624758638490738	-3.74898904592954	3
-0.00263972385105518	-0.00531913786138726	-2.94211551004344	3
0.00891341835095804	-0.00352015539353978	-1.62259120875987	3
0.0439321652298383	-0.00347022175560772	-2.13363941344986	3
0.0197900713789429	-0.00509436692635324	-2.97708950500257	3
0.012220540619595	-0.00519451974633339	-3.0906976462651	3
0.0247864069601621	-0.00408418328358926	-2.25285219137047	3
-0.0212303275032163	-0.00376660575781186	-1.80377906961359	3
0.0192172530525349	-0.00481459870913745	-2.83353296304222	3
0.00333242075566563	-0.00814755407482989	-5.23024187027472	3
0.022805103517444	-0.00461378081285419	-2.69560130264291	3
0.0239134095885116	-0.00443879373443065	-2.54593597016406	3
0.00270524348563777	-0.00673918632985313	-3.74513525797399	3
0.00431800900922379	-0.00730934464321135	-4.43190592588768	3
0.00962129519894986	-0.00586577454435288	-3.43831195875312	3
-0.0759420515321515	-0.0024618203870928	-0.797310592906663	3
0.00353260618810672	-0.00421427713982887	-2.15068472440563	3
0.0344209430337511	-0.00302508008206291	-1.62622033170658	3
0.000256500960703687	-0.00340730608477131	-1.66172044312183	3
-0.00809601665017916	-0.00334811781226833	-1.52158615972004	3
0.00597397112183	-0.0060293779200339	-3.41904472601175	3
0.0189249248143466	-0.00508253323121667	-3.08543638882298	3
0.0148804291374159	-0.00613406632530231	-3.93230047683704	3
0.0053396991837894	-0.00664779758950576	-4.10289876467528	3
0.00644567350813456	-0.00524401960554728	-3.04995525148837	3
0.0197788573187826	-0.00513128787258339	-3.28423296720565	3
0.0202291886824394	-0.00502753758624095	-3.01402111588788	3
0.0199458284455518	-0.00445152696780921	-2.42340459304293	3
0.0207020039154203	-0.00490476830358496	-2.94608993788709	3
0.0141107010237235	-0.00625765646138114	-3.90876004400541	3
0.0169603616991595	-0.00543617166312837	-3.43273784888589	3
0.00767400665114378	-0.00551027698295339	-3.72025236764206	3
-0.0287136239144044	-0.00537450888533847	-2.87136010942982	3
0.018478823432204	-0.00544624123135816	-3.29429111735546	3
0.00269828339902432	-0.00501605833126052	-2.9906164208857	3
0.00343367888200652	-0.00814639237945128	-5.20609106210628	3
0.010701725514817	-0.00658549245309722	-4.17856665945144	3
0.00297935299465293	-0.00644668629496995	-3.81181824882568	3
0.0204680740463822	-0.0047231738121845	-2.98597428360779	3
0.0636771672501338	-0.00330039147493213	-1.9659744222847	3
0.0149300265930191	-0.00576371249644164	-3.58879954070876	3
0.0195429424914519	-0.00443626152860938	-2.33735539642891	3
0.0175765829428097	-0.00555204509688676	-3.49628204618357	3
0.0170712454751902	-0.00571786223905583	-3.57459676582909	3
0.0152906703031158	-0.00605824901823108	-3.82938485021608	3
0.0249672592848398	-0.00429896924865809	-2.37570594255804	3
0.011328072188329	-0.00665187491559317	-4.23608576722443	3
0.006284870668446	-0.00688025995078678	-4.51533668132563	3
0.00410758388930487	-0.00481146659220199	-2.68574599454351	3
0.018547719679608	-0.00421387526661985	-2.18051230977826	3
-0.0027536568092975	-0.00562134299798213	-3.07391923048061	3
0.017853422496448	-0.00549486885186702	-3.48198304677325	3
0.0143694514451145	-0.00499883480643523	-2.80554373645873	3
0.0123679059357756	-0.00636506468675721	-4.19868647817216	3
0.0162562773984022	-0.00573071492288922	-3.61910147098364	3
0.0171624171837905	-0.00570054647734531	-3.56891812687743	3
0.00799639207584414	-0.00471511138173925	-2.65099558416519	3
0.0170371549083549	-0.00573028987206038	-3.68011543713256	3
0.00925900615871781	-0.0067311815650565	-4.31212111226041	3
0.00903133209814331	-0.00519768183908886	-3.10149950441126	3
0.0239135620098501	-0.00293772307147213	-1.5714852082891	3
0.00725500987459594	-0.00670266624901548	-4.17573138089658	3
0.0181034995607909	-0.00542511354055565	-3.46317351881149	3
0.00785003101196604	-0.00682061933192395	-4.21238000318071	3
0.0200550047229456	-0.005050513411815	-3.03789097800641	3
0.0702473389912439	-0.0035162947441372	-2.37109785422589	3
0.00726970691643372	-0.00523418652034176	-3.06304337981585	3
0.00181155763535295	-0.00684109743365067	-4.53533660078843	3
0.0210969097069132	-0.00455828647900434	-2.60932008608011	3
0.0130644763703948	-0.00409227998091465	-2.0805488972262	3
0.0235830779726613	-0.00451159912685704	-2.58655874316448	3
0.0114233669668383	-0.00666086547603449	-4.2456803606647	3
0.0126649459536209	-0.00634669274073599	-3.99119697889902	3
0.0227650049898864	-0.00400709659393269	-2.20303883829078	3
0.00275963156887662	-0.00353691493830543	-1.71160196831106	3
0.018911480567083	-0.00522794468462511	-3.24807761017092	3
0.0194847590756467	-0.00426237980919403	-2.22068274211259	3
0.00778408560944277	-0.00261500650973689	-1.10550415126612	3
0.0128893568000131	-0.00616091245477131	-3.84182280216791	3
0.0116921166759407	-0.00663623530368341	-4.19382383451934	3
0.0166506638407319	-0.00580934589463613	-3.61182338676355	3
0.00238383205535233	-0.00556560252195308	-3.08272975467308	3
0.0147035937890496	-0.00563355648733637	-3.62316121106399	3
0.0105097850452009	-0.00512307082527139	-3.08503662179157	3
0.00765913285586474	-0.00694287276798133	-4.64892174852564	3
0.00799321080933201	-0.00510580659121294	-3.05041606273988	3
0.0221942279834314	-0.00446911313849988	-2.48549140836028	3
0.0212830232051574	-0.00481945247229274	-2.87732860065592	3
0.0155403314749374	-0.00563933161364555	-3.69138756366561	3
0.0208704910542133	-0.00463221562192929	-2.5577179264331	3
0.0180172053095154	-0.00471083214426186	-3.19026025024762	3
0.0115318232462436	-0.0059967435729049	-3.69960694383429	3
0.0130786579567923	-0.00642506663491142	-4.08780126223681	3
0.00987423833362143	-0.00584433276883135	-3.71382982063904	3
0.00236079362016198	-0.0062544778078865	-3.66353271823863	3
-0.00404809052674157	-0.00442631229263305	-2.31862368389097	3
0.00593738082829864	-0.00756999639559703	-4.73948820780918	3
0.0083871100409735	-0.00619739629227608	-3.77296711858619	3
0.0192701945374853	-0.00526150507099874	-3.16313398131388	3
0.0100270634547919	-0.0058984115826992	-3.76432295192165	3
0.00735273409339364	-0.00729450782785758	-4.74216320454039	3
0.00803564825787803	-0.00548906749535552	-3.30570250408903	3
-0.0578039127077399	-0.00312301282437649	-1.27830681438496	3
0.0191873057558688	-0.00506280679288576	-3.05281084400568	3
0.00894243537227292	-0.00707277512130191	-4.35897192713355	3
0.0170339734059977	-0.00458484071543788	-2.50203095706199	3
-0.135492739479736	-0.00284305029167485	-0.896580070462529	3
0.017651659052259	-0.00534490866212921	-3.31820645713483	3
0.00881204264521733	-0.0069976723699376	-4.50194490953372	3
0.0146296853118624	-0.00475802612770832	-2.63439303331949	3
0.00182229186551146	-0.00802071112291667	-5.23035611450903	3
0.0107315077149692	-0.00453212276718375	-2.40603690279525	3
0.00678917530711114	-0.00620009855516166	-4.07657875789446	3
0.0192829606170758	-0.00524222733085894	-3.22394443115884	3
0.0480003335861307	-0.00370959212358054	-2.43998392340459	3
0.0107305122041637	-0.00641003213137268	-3.98565681162271	3
-0.00374961553425159	-0.00439043985824072	-2.27493537911311	3
-0.00978474934350851	-0.00426165163113316	-2.1461838240033	3
0.0133710902001608	-0.00534977529337607	-3.58795254163922	3
0.0117740291932364	-0.00620886472026962	-4.1212347626345	3
0.0156505460544335	-0.00593870701638686	-3.65665923050237	3
0.000993706909583794	-0.009219794511805	-5.88052555222787	3
0.00824228440630464	-0.00664467693038652	-4.11721889333039	3
0.00455714745334349	-0.0072793433021272	-4.88830543620237	3
0.019067575562681	-0.00530975488077234	-3.23858574317332	3
0.0654723231682662	-0.00293210442636059	-1.97532145709697	3
0.00274793270466832	-0.00834440051073914	-5.45794098665704	3
0.0240301015587728	-0.00404147590302526	-2.22780855390016	3
0.01360871380244	-0.00575853709730813	-3.53627853822877	3
0.0108343483398913	-0.00676745513561952	-4.29263328184203	3
0.0215512857659158	-0.00466623972322576	-2.94470814172677	3
0.0541785059217314	-0.00316223822976262	-1.95524408535357	3
0.0101593141666939	-0.00684920204185758	-4.34610306126045	3
0.0169486696117732	-0.00507138200274651	-3.15290499396524	3
0.0106075448913812	-0.00674090386494828	-4.35833633353082	3
0.0190430298370884	-0.00504242228385465	-3.01132091070317	3
0.010702373543053	-0.00657078491108977	-4.27902205335366	3
-0.0247626611306547	-0.00390495736569856	-1.80575972986414	3
0.0167801498087981	-0.00538519377147718	-3.41792506474871	3
0.00631800843427616	-0.00565390291845233	-3.36653231312601	3
0.0165650133682946	-0.0058418773200507	-3.69994173086417	3
0.0228592423016065	-0.00348058701951994	-1.78474808223439	3
0.0184619440778891	-0.00449035015139683	-2.36511799948211	3
0.00347130358627288	-0.00685475346018951	-4.08712015463661	3
0.0166564303803685	-0.0057178317861937	-3.64451755818817	3
0.00488053923686253	-0.00448753447371259	-2.34155031793666	3
0.0167651165979234	-0.00558928051706048	-3.44554973216885	3
0.0050200233471911	-0.00760573456191431	-4.78979457952548	3
0.0524359473476833	-0.00375361223456941	-2.6092325009602	3
0.0166095653217097	-0.00433662706998243	-2.25948363309324	3
0.041328492479138	-0.0036779673126393	-2.25621059103612	3
0.0140235407073256	-0.00609507025204975	-3.8460992197727	3
0.0162236782179696	-0.00457640184255444	-2.6385816170941	3
0.00640796638350889	-0.00581570047942771	-3.35163668571991	3
0.013092750499262	-0.00573289134229455	-3.74331604377101	3
0.00246301075590379	-0.00494598193448827	-2.92664118240385	3
0.0159492916842769	-0.00567630959538102	-3.61692752880939	3
0.0207517289173826	-0.00474935873359686	-2.7272714616642	3
0.0111143813001311	-0.00544210281640029	-3.16860035332118	3
0.00310666759192273	-0.00774699145239631	-4.80626738668645	3
0.00973301184479825	-0.00671423336189548	-4.36318132836402	3
0.0840940604884177	-0.00234228862130785	-1.41226616628937	3
0.0220452455304367	-0.00352192318031747	-1.82353214923701	3
0.0288764077891151	-0.00328758137976346	-1.91549849842965	3
0.00575664591281647	-0.00758439720483718	-4.85827515429548	3
0.0155527156388637	-0.00542489152000976	-3.19356467366086	3
0.0122173988481484	-0.00654183869510279	-4.1944631078823	3
0.0226325255861737	-0.00462344059322728	-2.66625192873121	3
0.0181618643398424	-0.00541058328155584	-3.46333197755538	3
-0.032514078795413	-0.00364608030028864	-1.72927188252945	3
0.0233257209849073	-0.00404149633812988	-2.18634062409287	3
0.0225693036949517	-0.00307573505452054	-1.64168459430011	3
0.00857595822337606	-0.00415419747292337	-2.11217273941914	3
0.00846452428199085	-0.0051228319110758	-3.0459118611877	3
0.0114130125878598	-0.00605358469395924	-3.79438236498416	3
0.0115415728913547	-0.0057277686304471	-3.8726510229059	3
0.041713582333019	-0.00368938974571216	-2.26049271148603	3
0.0122467483810294	-0.00430154886065758	-2.18112795491174	3
0.0095961225278601	-0.00677039566057204	-4.3306616837589	3
0.0113977320374523	-0.00655260459707962	-4.19349119762189	3
0.00811276842664067	-0.00547878521472146	-3.74735688618479	3
0.00319243269730379	-0.00454937372552805	-2.54725213554464	3
0.0137389668321489	-0.00396391488339921	-1.94058380995706	3
0.0137016607872127	-0.00606812851555171	-3.72799910866311	3
0.0139513429175506	-0.00587175852516105	-3.85108174006166	3
0.00882808103300964	-0.00496489171386855	-2.92746154616451	3
0.0170745412757217	-0.00560836278347034	-3.47001989943909	3
-0.00571915646443041	-0.00528556916788114	-2.89346922157303	3
0.0101279394703874	-0.00435105189508345	-2.304934265064	3
0.00810791469493387	-0.0064573615595548	-4.41560937358519	3
0.00746744559287161	-0.00564059160156896	-3.85869444536558	3
-0.385494337892308	-0.00269521333108375	-0.861259096881633	3
0.0188418104200854	-0.00535140212770645	-3.20593883944706	3
0.0251703632342961	-0.00378668730430077	-2.18575691322517	3
0.00457985221232501	-0.00685218124130397	-4.2650116532158	3
0.0482353031949829	-0.00370301646903982	-2.43322030149098	3
0.0252290720821567	-0.00429937908205832	-2.46308262281124	3
-0.0120453995429378	-0.00512673658300608	-2.9252277623675	3
0.0174625158182203	-0.0039939997652141	-2.13356191571702	3
0.00630457429565923	-0.00584616555924797	-3.32294507491436	3
0.00749141611806928	-0.00450131313695368	-2.38061106802112	3
0.00956195082414486	-0.00328669018056859	-1.43136697114349	3
0.0328334638841522	-0.00402407219642963	-2.3954623606709	3
0.00977483239123694	-0.00690684544201685	-4.41589546098566	3
0.0138191298463314	-0.00620116148137113	-3.91923319141142	3
0.0148053685258323	-0.00612736207003151	-3.91015137100037	3
0.0167832924100284	-0.00569182974008409	-3.51384527186305	3
0.0225695436869355	-0.00354123656256811	-1.8438069617743	3
0.00915904642274062	-0.00697909288431837	-4.53443385294929	3
0.0106344112488972	-0.00674139511456678	-4.44467344882159	3
0.0232376752611374	-0.00402234193467917	-2.15793601037711	3
0.0153140159335249	-0.00428821674658524	-2.23010562778152	3
-0.0204896674694639	-0.00385788042383531	-1.80254718286667	3
-0.136666608173356	-0.00294175486466478	-0.923732409988096	3
0.0313051511219316	-0.00327138345452019	-1.92313345221339	3
0.0747556190489035	-0.00340548590548979	-2.01111514816015	3
0.0194648615714116	-0.00521678495795383	-3.12069873002062	3
-0.0016665944144409	-0.00229995324501279	-1.20700466948019	3
0.0111732579939733	-0.00458701569610793	-2.454239900823	3
0.00383827942770797	-0.00778231715736069	-4.74103079505724	3
0.00759520101757313	-0.00417241398922808	-2.12307983024833	3
-0.00171643946789016	-0.00562379481510336	-3.0456947371003	3
-0.000173818962148061	-0.0051346100456056	-2.93051852703594	3
0.0205915710465396	-0.00491688855409062	-2.90255363778455	3
0.0110333434350315	-0.00670140844091358	-4.2948200980016	3
0.0152365937495903	-0.00607319513277981	-3.86367202069528	3
0.01100643203956	-0.00490010025209272	-2.85785618738033	3
0.00863556424352221	-0.00668268226162819	-4.27534813605465	3
0.0132358891027314	-0.00640534363028479	-4.10882016163545	3
-0.00344109411571652	-0.00687910147537568	-4.06081580635267	3
0.0182315300376281	-0.00486923223884506	-2.92052358897063	3
0.0177597759364622	-0.00499064117849579	-3.07518622843121	3
-0.021371862716902	-0.00496973146069594	-2.72244961250362	3
-0.22504345464431	-0.00209402065393136	-0.498880990258549	3
0.0027883985883614	-0.00522622728456461	-2.99665838093998	3
0.0111986719939336	-0.00669105343487426	-4.29008573928336	3
0.0169757450884797	-0.0055255855060548	-3.46218466351233	3
0.00145030428231741	-0.00589170441355027	-3.3014356811447	3
0.00406069188683674	-0.00792304629759372	-5.05025870109809	3
0.0278141131748647	-0.00411045152323404	-2.27784410420892	3
0.00490664791351544	-0.00525583942122436	-3.04539430434761	3
0.00940046749581375	-0.00681955518507733	-4.46936391361599	3
0.0131561742232767	-0.00619194811913766	-3.93465247665826	3
0.0146140381519652	-0.00383792839804557	-1.88598220703975	3
0.00316533606430087	-0.00820006884532923	-5.36305501836742	3
0.00750856240110947	-0.00623009663366071	-3.71958713133257	3
0.0106123001007124	-0.00608299492559232	-3.75650860345684	3
0.00557247249790024	-0.00622450477455851	-3.57072307302432	3
0.005979692220141	-0.00752541553274577	-4.79282835016842	3
0.000245743470916117	-0.109211191026733	-97.3092889211326	3
0.0202057915313759	-0.00460201869221844	-2.50734334583702	3
-0.0511933254356013	-0.00322851233773254	-1.29543731199937	3
0.0200669661392356	-0.00441143186714831	-2.43578957622051	3
0.0184142185985528	-0.00385576828975131	-1.97312752649338	3
0.0193249989112256	-0.00505491795599328	-3.03500029072583	3
0.00174121800923318	-0.00388012809352546	-1.9029317629374	3
0.00780437891941445	-0.00658463725958779	-3.99477741670018	3
0.0144087186204391	-0.00609577879892219	-3.93199449672532	3
0.0132213323843227	-0.00627943440063803	-3.96537529084534	3
0.00318019362801809	-0.00733813825049834	-4.45952412266715	3
0.0237857924018643	-0.0044217428036256	-2.53762483376336	3
0.0107275915638664	-0.00549562186409568	-3.23533821954086	3
0.0193319963808191	-0.00468812376031806	-2.61480872549625	3
0.0065646870372647	-0.00576337269539104	-3.36820955704708	3
0.0329561852707407	-0.00394117193807324	-2.47471399965218	3
0.0114330853827784	-0.00564590247870019	-3.4413880146995	3
0.0106563910477718	-0.00382132527476769	-1.89454718901688	3
0.0171164253181206	-0.00490219931220613	-2.92611317716272	3
0.00975267225053918	-0.00672288918602625	-4.375548295855	3
0.00658504460938164	-0.00702222066393653	-4.37582329449677	3
0.0176129229950254	-0.00508729887059234	-3.16509724284065	3
0.0141807714406269	-0.00573788828865156	-3.6286772566037	3
0.00639039554431058	-0.00548736063840523	-3.23255090722328	3
0.0285516163955132	-0.00427868597263972	-2.79164800878535	3
0.0964450656048141	-0.00245680397904568	-1.38751249430279	3
0.0212427607658994	-0.00482315258525402	-3.02232491160555	3
0.0134382656071223	-0.00627091462234567	-3.92688449649662	3
0.0123137868774194	-0.00471533743952697	-2.66522970439142	3
0.00609178288146011	-0.00747209162251422	-4.72710796731899	3
0.0188900990150663	-0.00508981652665479	-3.08551858753801	3
0.0152576508452305	-0.00468344093290271	-2.56520272629972	3
0.00863267037886726	-0.00701562717718254	-4.57309185261484	3
0.00528025874969435	-0.00743181743904721	-4.9323946556297	3
0.0117092984452611	-0.00578419235988651	-3.89859114433019	3
0.00382569363579023	-0.00409209503702928	-2.20375255248209	3
0.0062329727952833	-0.00511537214806299	-2.96540654066765	3
0.0103419490202715	-0.00485298464137927	-2.83604411789597	3
0.0112208602938425	-0.00412202323092734	-2.03937253474709	3
0.0241861456982495	-0.0040284920008864	-2.22101500975595	3
0.00598992283213753	-0.00586794462432738	-3.87727180251241	3
0.0179381145555589	-0.00479209578611411	-3.18384259405933	3
0.0148705730279675	-0.00613574808216531	-3.86093872752439	3
0.0174973088524705	-0.00334066274531503	-1.57279689160133	3
-0.00311419631418565	-0.00312939870970078	-1.34516081687103	3
0.00658178325399393	-0.00739058977034535	-4.66386945133319	3
0.00320159040369166	-0.00740438546622064	-4.45277451590553	3
0.00299841157323569	-0.00803776057041162	-4.76300270750112	3
0.0194206571714539	-0.0045537409438271	-2.44433199000076	3
0.00024574871374859	-0.110108396314564	-98.2159774377837	3
0.000737272134670126	-0.00877993152024356	-5.49129258207826	3
0.000246469493397178	-0.11001591740394	-97.8807418836518	3
-0.00318406927705077	-0.0047138491513218	-2.60966682613179	3
0.00906171030954796	-0.00639663728403623	-3.96203873400499	3
0.00150822846789353	-0.0051011564322883	-2.9454245400754	3
0.0276628241959008	-0.00406406953609073	-2.21635007585075	3
-0.0318501327330458	-0.00383944029499309	-1.78476109426364	3
0.00869456751857843	-0.00628527666104977	-3.78759362417038	3
0.0107015760535702	-0.00656123956693346	-4.28690092360275	3
0.0129554885857445	-0.0062376388124344	-3.98068440735741	3
-0.00112706923085696	-0.00414039614484857	-2.06481314422075	3
0.0162194320293121	-0.00590425658728683	-3.75795818772513	3
0.00695142778389951	-0.0067008737537395	-4.14503751698468	3
0.00874747321702077	-0.0048692915504603	-2.87023191363393	3
0.00678225462233865	-0.00733438755898135	-4.63059940270263	3
-0.0328406136160956	-0.00473379029434853	-2.34188410974551	3
0.0145127387496812	-0.00607213835867233	-3.78067048543256	3
0.0171813704592279	-0.00458096071339949	-2.49160449357287	3
0.0124301393106198	-0.00393638928458547	-1.90749766753301	3
0.0182219864425309	-0.00505384739751756	-3.03059649839583	3
0.0123509153587922	-0.00496365366362413	-2.89280894502371	3
0.0102855068790684	-0.00621304229168921	-3.8674737532504	3
-0.00287159146822584	-0.00592033902631416	-3.24255708570341	3
0.0100330240519193	-0.00453457663838331	-2.41213982107647	3
0.000245775997910436	-0.110295754109922	-97.8667513611905	3
-0.00444986788446752	-0.00328474939647162	-1.50484788452816	3
0.00408142069139279	-0.00727143096180009	-4.38468127640432	3
0.0158795685265658	-0.00536679074156344	-3.46818046708921	3
0.0298773936980174	-0.0035679029514245	-2.09170471495281	3
0.0156345481753075	-0.00489109585223757	-2.8176325168244	3
0.0161278877234371	-0.00588455262975145	-3.73421302281886	3
0.0121293772087535	-0.00613730867615201	-4.0632572552544	3
0.0829902018242467	-0.00311969415107186	-2.08339142966463	3
0.0149488436034161	-0.00514835785734227	-3.61610447356455	3
-0.0133227999938946	-0.00415196001174824	-2.15546425353714	3
0.0421301183924517	-0.00392597698198808	-2.44870681353509	3
0.00678678896702016	-0.00731604621560007	-4.58963109488903	3
0.0178649880428407	-0.00480175817708383	-3.18856948570198	3
0.0161682936716509	-0.00539382276541379	-3.44507516073975	3
0.000132832760457498	-0.00377620580172614	-1.81870862722194	3
0.010486361067251	-0.00681066610303162	-4.36805687566508	3
0.00611372826322816	-0.00537210102216896	-3.1243287851932	3
-0.0264429330897778	-0.00406503923090309	-1.96989842115366	3
0.0147217910924131	-0.00449557817881621	-2.50436870300417	3
0.0167627786409324	-0.00580145923633074	-3.60583897353905	3
0.00837213451798739	-0.00677183748691075	-4.16429656893548	3
0.0130590920578546	-0.0063633531282756	-4.06423311916341	3
-0.0569106017357889	-0.00335327212994357	-1.36335383707613	3
0.00986255306360051	-0.0068177292361209	-4.36650221145574	3
0.0174325874344943	-0.00470716814198854	-2.66051061673028	3
0.00406154823246096	-0.00643881730841544	-4.21035448281499	3
0.0159318313876542	-0.00519440485389307	-3.05242772428006	3
0.00188443168144067	-0.00802574195478381	-5.07096891190518	3
0.00195549995940262	-0.00823268708975885	-5.0762613752789	3
0.014634620001846	-0.00526830170082053	-3.06890655245027	3
0.0102872565184778	-0.00618788580647334	-3.84393544685	3
0.0159765391895081	-0.00589005596103029	-3.71193347590528	3
0.0162296292218989	-0.00585672962324735	-3.71884643190795	3
0.0188227172206868	-0.005049217756438	-3.09159933518804	3
0.0251359135947999	-0.00443734925243325	-2.76896412468835	3
0.0375025992465528	-0.00391030296223729	-2.3869946978335	3
0.0234479284064998	-0.00455775875104787	-2.72198513516342	3
0.0135469880775019	-0.00634240709520655	-4.1145705163523	3
0.0031908132870313	-0.00815876889589769	-5.3193467004529	3
0.00932004347312941	-0.00683980667633979	-4.50380788588944	3
0.0354485703038599	-0.00401734421967314	-2.68444788855116	3
-0.00378496070599812	-0.00416877732819479	-2.07271223612868	3
0.0330578457233792	-0.00353644489362635	-2.03778119009524	3
0.00746211273804727	-0.00676278371815712	-4.17690720256513	3
-0.00953937824338554	-0.00407513749433894	-2.13539794688303	3
0.0233379208397708	-0.00396325709011972	-2.17521556615581	3
0.00896784422848043	-0.00574842003947974	-3.35456064991804	3
0.0165146283233337	-0.00584858364975433	-3.68612082675215	3
0.00611771092683477	-0.00605936946623685	-3.45518182887483	3
0.0114505138946364	-0.00665540184708288	-4.23715130578816	3
0.0167903634874138	-0.00425722025771801	-2.23606051161151	3
0.0149042288829519	-0.0055529955385868	-3.45083976382938	3
0.0115366341129546	-0.00355495153684306	-1.63524908903731	3
0.00856721803890076	-0.00710473897168988	-4.54442073772713	3
0.00639217251160407	-0.00750881012791979	-4.85160818446197	3
0.022762082191024	-0.00462655627763479	-2.78303697772764	3
0.0157347583999032	-0.00508205890570589	-2.92001123549293	3
-0.508357113110568	-0.000823353931603635	0.504791915134505	4
-0.323225122460117	-0.0012942396831363	-0.0437049312953289	4
-0.512056411016049	-0.00095067355932148	0.319996023924631	4
-0.411244989155636	-0.00316010507554435	-1.23858783201059	4
-0.0514662076751634	-0.00299778560377293	-0.808261245565189	4
-0.269820357550144	-0.003980714681808	-1.90844299069008	4
-0.479988062964413	-0.00228920397458939	-0.470042852789254	4
-0.430765791967764	-0.00220004786883295	-0.499420273213994	4
-0.678136280780672	-0.00204997340617437	-0.418466953415896	4
-0.490391620296289	-0.00094574942803666	0.40753054777915	4
-0.0750646349388721	-0.00164415564716131	-0.168688717266817	4
-0.536204439758364	-0.00100288692899366	0.519030050578226	4
-0.594680614842344	-0.00263292636055404	-0.964378488921319	4
-0.144291260902656	-0.00070969118874623	0.414744892548381	4
-0.657230665658932	-0.00159425145307632	0.0341278677237289	4
-0.28004836143176	-0.00393583143641751	-1.84049237807928	4
-0.626339137881563	-0.00137017087178723	0.262136207672275	4
-0.646680297249217	-0.0015677237781236	-0.0453797899177954	4
-0.349654498778167	-0.000677086966345076	0.639356885692318	4
-0.372339431039663	-0.000797617797359808	0.664382734272856	4
-0.558536267101316	-0.00292918296169689	-1.10132837154131	4
-0.457658514653464	-0.00261268806708082	-0.7476300862543	4
-0.551181776829285	-0.00204868998114655	-0.402305350231146	4
-0.248340276142287	-0.00391040750906677	-1.8788665841902	4
-0.195245151410881	0.000428037244842987	1.16664643069328	4
-0.463055775924225	-0.00274911004368918	-0.913201219912754	4
-0.0802323492690895	-0.00239296232908011	-0.418709768329725	4
-0.509073169087835	-0.00122200492245829	0.195943884621695	4
-0.486957884479512	-0.00152807918498133	0.0581791340828731	4
-0.226545380710531	-0.003229141818057	-1.36171937102577	4
-0.434663831064003	-0.000544559353388827	0.727224213289787	4
-0.598795736976312	-0.00264700040734007	-0.800538096759705	4
-0.50954690754835	-0.00111994982852156	0.512616947614794	4
-0.225188844686531	-0.00411323642825416	-2.04609166217889	4
-0.638896676249301	-0.00246055736347374	-0.602843289369976	4
-0.227087570837646	-0.00380384253742612	-1.79429166526631	4
-0.372838028933011	-0.00263956324134656	-0.840063798583503	4
-0.166038973558226	-0.00457247414334518	-2.25041367167445	4
-0.458021019099693	-0.00314591844837471	-1.27664868694145	4
-0.647060133517268	-0.00179928402646785	-0.135789166023528	4
-0.494488023834719	-0.00147614671744589	0.0869734842414865	4
-0.403564786073621	-0.0022924276414461	-0.50426171271564	4
-0.437261974850079	-0.00305950534482699	-1.30340836800342	4
-0.386516887128792	-0.00257350650559269	-0.82730136275922	4
-0.272732630940148	-0.00331640533187419	-1.3039897791545	4
-0.0171571702506834	-0.00586910561773737	-3.41974894024784	4
-0.607372547035021	-0.00126119726909455	0.334354009923358	4
-0.569529826420286	-0.00111154568047899	0.430888796717868	4
-0.469707342800012	-0.00255178518903647	-0.828426111617443	4
-0.502845440325821	-0.00208316703602618	-0.393794823337322	4
-0.317103966998535	-0.00269011544075149	-0.849488473009917	4
-0.0931091549114397	0.00072525090600966	1.49682186026265	4
-0.585072046518946	-0.00252999104295886	-0.791166740315148	4
-0.402360471410476	-0.000631761775939706	0.711263499231139	4
-0.436657805258364	-0.00318964987780174	-1.27527393953066	4
-0.244746123016822	-0.00376252652610083	-1.69035111162068	4
-0.347236050203009	-0.00195669335780892	-0.243420887536062	4
-0.549562858123494	-0.00231264600345667	-0.557721610098741	4
-0.338295347629724	-0.00188012505330494	-0.310119010163031	4
-0.610418608331367	-0.0022789563704766	-0.398298294141596	4
-0.43313340262285	-0.00293372053292188	-1.13765491481277	4
-0.417695684082866	-0.0010032621795823	0.419066958039957	4
-0.254671101375424	-0.000232809516399878	0.87108709406189	4
-0.408484765623082	-0.0013597435607106	0.101393520177646	4
-0.219162596747438	-0.00247377936757102	-0.791922100396996	4
-0.284783391869969	-0.00387286187657894	-1.79232574439605	4
-0.0406236208730428	0.00141236426958024	2.25857056447807	4
-0.60164780935631	-0.00218002864628153	-0.455346280055002	4
-0.53013612241684	-0.00225664176473053	-0.438443150692595	4
-0.494344656134874	-0.000868825911306982	0.415474663266122	4
-0.444448437776862	-0.00187667956208044	-0.117681130203451	4
-0.373983105066085	-0.00166798939275876	-0.176026909912018	4
-0.337348413244624	-0.00380793762637535	-1.80373705599815	4
-0.24070422699555	-0.00365368750363834	-1.5908080302696	4
-0.535785827175139	-0.0014348494119904	0.148243966658791	4
-0.123797564737243	0.000148444059329109	0.743974091783981	4
-0.591980316611818	-0.00135751822463895	0.291070010078806	4
-0.511540426828009	-0.00234862961868084	-0.603989555277753	4
-0.67319651775691	-0.00183283339677955	-0.102526687510792	4
-0.210318071699694	-0.000994103000365399	0.285046333176409	4
-0.353772465202979	-0.000502002719811012	0.605670572813725	4
-0.503507343273734	-0.00126722314949242	0.365761593380125	4
-0.422866009129504	-0.00343498181925115	-1.51173897586767	4
-0.634534444770267	-0.0015113780090594	-0.0271665597706132	4
-0.448879095031576	-0.00337688348744767	-1.50397725891836	4
-0.587062390682106	-0.00279427231475484	-1.0064566689646	4
-0.467815917458156	-0.000693633479704213	0.688744850634246	4
-0.245689248246048	-0.00415662220655594	-1.82431196292992	4
-0.526933517592429	-0.00159950515424643	-0.00922525133943406	4
-0.468565631622788	-0.00328536820692011	-1.24869699151169	4
-0.399740780154428	-0.00180031556820845	-0.19219199656282	4
-0.462155499053672	-0.00261945733664669	-0.766775646220883	4
-0.403774309063013	-0.00317934460815397	-1.23366547676477	4
-0.630279757436666	-0.00190945879262233	-0.156429370393775	4
-0.66566182030365	-0.00208825552124338	-0.341317646173659	4
-0.431266303844166	-0.000537833687929398	0.727170841296401	4
-0.548705461550228	-0.00286992280518429	-1.04768951852854	4
-0.370320117425464	-0.00218976652758056	-0.490621503695337	4
-0.578480500384816	-0.00158446150361445	0.121718418596519	4
-0.378044005933817	-0.000766315288565971	0.561625267032942	4
-0.52054167236115	-0.00304329358895192	-1.19938270121421	4
-0.498225736627037	-0.00319026400020051	-1.23372671340196	4
-0.553179151857544	-0.00104897613643949	0.504214421911143	4
-0.616325459432387	-0.00181725006342736	-0.143675665361828	4
-0.281572162775012	-0.000456998899948122	0.538213492229504	4
-0.468617653680055	-0.00114458760439052	0.39350225059962	4
-0.65951604908079	-0.00176419537893473	-0.11027363215411	4
-0.47479349367852	-0.00329053442304372	-1.42196062280605	4
-0.213518431935711	-0.00352977004593944	-1.34214795240831	4
-0.468396429229145	-0.00132549684126431	0.159275745026596	4
-0.0969126039589574	-0.00270882761216464	-0.686405813633346	4
-0.359161323614003	-0.000278796350948164	0.944997156912047	4
-0.617975361257626	-0.00147853091184762	0.134900649876765	4
-0.405747384097281	-0.00184646794508823	-0.188318175011096	4
-0.336598325108006	-0.00102541062533281	0.354942488796399	4
-0.406746990578304	-0.00318301593588582	-1.25341143791156	4
-0.333638969388181	-0.00375224522278656	-1.77993660711787	4
-0.572574109558831	-0.00200110990882897	-0.36628477137661	4
-0.25064500780223	-0.000239527341290428	0.855946680468838	4
-0.150541564868764	-0.00239558282442669	-0.515785843134537	4
-0.400694440070114	-0.000518004422778608	0.61943084078233	4
-0.188050570769589	-0.00199820146823931	-0.319514128492878	4
-0.45162077319443	-0.00312502588536305	-1.21873882922413	4
-0.67662476388424	-0.00207760240053987	-0.32421480345506	4
-0.109031318792679	0.000899258967980876	1.17361834502271	4
-0.564918932012682	-0.00158102220451185	0.00470498725915808	4
-0.435818143882662	-0.00325235104599783	-1.42464295405662	4
-0.117239488389656	-0.00289485268759596	-1.08413001696948	4
-0.664378785263383	-0.0017935450417358	-0.129821130349894	4
-0.66851550196664	-0.00180692483803898	-0.117586487450317	4
-0.364316566636287	-0.00214224444505399	-0.437893048068614	4
-0.0950589436575264	-0.00373168848997371	-1.55360980495972	4
-0.515117590412353	-0.00312024853009375	-1.25752685549768	4
-0.100739954392906	-0.00485645215313108	-2.41241332767164	4
-0.664510745065205	-0.00192364311446984	-0.291165893311094	4
-0.383872501094635	-0.00363191751444664	-1.76264356543164	4
-0.499839833093268	-0.00297496982485683	-1.02640637237563	4
-0.579687076119683	-0.00231408605477139	-0.506464999825151	4
-0.504148053754095	-0.00309792778555863	-1.15021261845605	4
-0.478947650144048	-0.00216519545365483	-0.343236236082412	4
-0.292092531673695	-0.00207905848650806	-0.461729536123142	4
-0.164019353115755	-0.000468168413243669	0.408435475116879	4
-0.622166311429432	-0.00256912161322729	-0.843407625247835	4
-0.154842963975952	0.000549217094458703	1.43654008935147	4
-0.532300472065775	-0.00299633321266435	-1.2078516276814	4
-0.240774302566813	7.29405973497694e-06	0.787915868225181	4
-0.270518116206548	-0.000111409481156418	0.813144208888795	4
-0.476099473052228	-0.00298744013545478	-1.12781211787468	4
-0.220450184279396	-0.00234995349421928	-0.553308477942747	4
-0.421353399347672	-0.00294356348966858	-1.17061495504594	4
-0.510428823785377	-0.00132851438941022	0.141984993563707	4
-0.289717072067513	-0.00250213032091893	-0.79328999418021	4
-0.136975522390795	-0.00410004715512832	-2.06246755724719	4
-0.559400030412378	-0.00103063003524452	0.397763137251869	4
-0.669911634033113	-0.00189645116196713	-0.278951169872381	4
-0.429884579538399	-0.000548670786446561	0.759492371421273	4
-0.515055275877705	-0.00206966333585809	-0.341426877024205	4
-0.364960529943937	-0.00193123525920972	-0.23689043105391	4
-0.500498749167848	-0.00108839977156804	0.486991166434771	4
-0.269567629271067	-0.00403340317959092	-1.93765609264456	4
-0.473830149028792	-0.00313651595106598	-1.30827735000681	4
-0.49020543290284	-0.000791882177331897	0.535011030936229	4
-0.613953421007081	-0.00155568630929135	0.0961914585076046	4
-0.214278656877273	-0.00430605834831241	-1.96635727803493	4
-0.651657438489585	-0.00230339166867279	-0.567980079335137	4
-0.370274220323033	-0.00355670427850311	-1.56283791444963	4
-0.210945746826972	-0.00113587153095853	0.121177204814967	4
-0.635986191625242	-0.00227883574092635	-0.455580285929621	4
-0.510490585570056	-0.00211145919190036	-0.444794652132011	4
-0.364641084087252	-0.000441057246384671	0.639537502703509	4
-0.10787513229945	-0.00240767577160329	-0.574236464153123	4
-0.619001610373488	-0.00263041812294379	-0.804291814280011	4
-0.133178647270992	0.000667387631069925	1.37194875571788	4
0.000244402638728804	-0.106438637475907	-97.471996157984	4
-0.331875779433642	-0.00269911893570758	-0.941735264013501	4
-0.663262047393773	-0.00186519152241496	-0.204167284375887	4
-0.363468869592686	-0.00277155427925053	-0.942778922869911	4
-0.550189406791861	-0.00136865302200225	0.186719333509872	4
-0.529406745211079	-0.00196421936246926	-0.261939431897593	4
-0.278649510938684	5.82183865884301e-05	0.96541401407897	4
-0.581025549157127	-0.00114077363471865	0.353287507531811	4
-0.625255537317317	-0.00140121847724509	0.186255292151426	4
-0.405222609902185	-0.00277517907491447	-0.982625578573947	4
-0.481484362097584	-0.000910731498410379	0.430506520028616	4
-0.674795684551337	-0.00211239341858958	-0.328562034550985	4
-0.640847960093713	-0.00231424128632742	-0.563693568658865	4
0.000245186910199658	0.333442570508265	95.4270593330662	4
-0.307544900549374	-0.00390064518367052	-1.90868168064034	4
-0.358610287434378	-0.00331807214409062	-1.41955096980752	4
-0.321461188227942	-0.00131744343703604	0.0907174581505893	4
-0.374610955611785	-0.00177656836301335	-0.136033178611542	4
-0.521354962367891	-0.0023803182940613	-0.640889167269027	4
-0.376494722752699	-0.00112714782289907	0.245789902252459	4
-0.232940217160582	-0.00238968536621957	-0.638569944701171	4
-0.028275258769978	-0.00164128831586608	-0.217594007102874	4
-0.492650093020472	-0.000819012117315336	0.534130837614003	4
-0.581515432646445	-0.00113412036111277	0.374164661546032	4
-0.643370211080935	-0.00242094777880327	-0.722375905220726	4
-0.65269023831018	-0.00230760387691444	-0.588078053120843	4
-0.59411854279309	-0.00119317392977314	0.406933593088078	4
-0.360184414637238	-0.000279886995850405	0.934362995630748	4
-0.568133880364105	-0.00290170378744742	-1.07361681804266	4
-0.573803961442059	-0.00109539787874471	0.417056577841493	4
-0.195527183346912	-0.00138683267708581	-0.0670240115957633	4
-0.510159733858843	-0.00201123675956311	-0.33566705423458	4
-0.378612530952068	-0.00362497753180921	-1.699838389477	4
-0.362259867128931	-0.00028344748425818	0.793068397400134	4
-0.569054973318255	-0.00116815225922125	0.426193000712121	4
-0.486559450392123	-0.00174883037824264	-0.158642461740238	4
-0.38420109334641	-0.00143057900918286	-0.0272142044160449	4
-0.274657211176739	-0.00241598731292387	-0.707803059886425	4
-0.617390481749517	-0.00229611661013297	-0.562847255698641	4
-0.44229028323735	-0.00249510860502449	-0.628208882383654	4
-0.522996326569084	-0.00309984024777899	-1.28431476940024	4
-0.58626730255784	-0.00137788524320752	0.306337896008303	4
-0.088803993174013	-0.000895604737492334	0.50132560521474	4
-0.610023435772378	-0.00131855495477714	0.317463988756666	4
-0.443229216762849	-0.0015122628740356	0.159642911737517	4
-0.27442627953064	-0.00347556182138418	-1.5508339939573	4
-0.667201266084791	-0.00206870312929283	-0.324184409910041	4
-0.551164681412499	-0.00131490372532179	0.177653579005439	4
-0.294098797740949	-0.000379042278430035	0.610255601820801	4
-0.250433617881227	-0.00045296926692861	0.596494434683356	4
-0.434302971257216	-0.00343513728349482	-1.50435232635516	4
-0.459859224557023	-0.000701407344648054	0.543143630440666	4
-0.437442022807502	-0.000567475991703985	0.714129790543684	4
-0.61000691032383	-0.00130410558595806	0.199376978940135	4
-0.293950179943658	-7.76183504583018e-05	1.03272948784411	4
-0.249619936311459	-0.00352026002225907	-1.40904642896124	4
-0.406776949376933	-0.0020977383266636	-0.451475939429325	4
-0.128605984030401	-0.00462611416962816	-2.38840506093411	4
-0.183578958179254	-0.00409838352765229	-1.91023870390291	4
-0.496325856270392	-0.000979249627597841	0.449730553544316	4
-0.170106323430218	-0.00444838343469535	-2.27636701011578	4
-0.426683118500637	-0.00285904406794583	-0.918211774947246	4
-0.521737582077689	-0.00182752276304983	-0.029072581617382	4
0.000244715090632553	0.336551941504328	97.7779477852707	4
-0.591982075505935	-0.0025768258947254	-0.746837695883557	4
-0.674347136478416	-0.00203499098580742	-0.288080227346686	4
-0.476728398757355	-0.00254438673383122	-0.826683973258971	4
-0.471353629890719	-0.0013830524371005	0.177262676375247	4
-0.637089035048411	-0.00187385386691331	-0.105449700895536	4
-0.424649761852247	-0.000914187936307642	0.436171682234484	4
-0.515822920800329	-0.000848094293190973	0.605097392288078	4
-0.607052398679547	-0.00127585149076919	0.184701051550315	4
-0.239610381415898	-0.00315096185245948	-1.34798256767385	4
-0.259603394002899	-0.000113834870172672	0.933917244568675	4
-0.402324057159796	-0.00151282100422888	0.055735718106894	4
-0.648692983307506	-0.00161070094095496	0.135327574569159	4
-0.667975603623899	-0.00175093094858707	-0.0615442519807904	4
-0.310368271859749	-0.00269667408720439	-0.881142699618829	4
-0.38127284140897	-0.000478854920304956	0.672407507176539	4
-0.0885189297474804	-0.00422998437841903	-2.12836931981165	4
-0.474752196957435	-0.00290403426017844	-1.15422828641243	4
-0.160635746715851	-0.00062708990386868	0.528086033359398	4
-0.120338566792184	-0.000358328154480124	0.428412257257108	4
0.000242565105001974	0.331598878800274	94.8036807810693	4
-0.614900743329423	-0.00241037085060383	-0.655973005432968	4
-0.555167343157298	-0.00284820734242888	-0.940961657020166	4
-0.615143196804298	-0.00259839722895492	-0.8720312940252	4
-0.163302439740214	-0.00334710791349058	-1.30088452760851	4
-0.348152287131965	-0.000291163410878006	0.776616302451764	4
-0.220996913086013	-0.00165894998816979	0.0153831425913917	4
-0.121487788699831	-0.00442852912956978	-2.27193537174979	4
0.000244199596585778	-0.105904054047911	-97.1318497557561	4
-0.644779558548117	-0.00248186564129991	-0.708527938969509	4
-0.431586729778514	-0.001914235143192	-0.251776645416932	4
-0.413296152069709	-0.00253850508560056	-0.763865890740455	4
-0.567844864475839	-0.00262383109487191	-0.669026997407333	4
-0.530226690243429	-0.00306879569616484	-1.31111944491313	4
-0.0522285395565926	-0.00287441870793988	-0.671293641527909	4
-0.548118547705729	-0.00162009171585497	-0.0140526311090925	4
-0.311288190121931	-7.37503730758604e-05	0.968700496518255	4
-0.274051189638104	-0.000377317161803435	0.769224470254998	4
-0.31573080471574	-0.000305600380197403	0.692693001715724	4
-0.117934594043552	-0.00118567452113105	0.209192779074035	4
-0.0788386654138554	-0.00438893628258034	-1.79857060320166	4
-0.454187345297591	-0.00227424783902341	-0.548094421223031	4
-0.645554125795198	-0.00173150381301003	-0.0620044176403993	4
-0.30004565625716	-0.000218381471963248	1.00509766966934	4
-0.431166925121578	-0.0026738804577137	-0.897855023285449	4
-0.667013664002422	-0.00222220656747216	-0.452389684376209	4
-0.368526824996486	-0.000648519340391805	0.581915181221155	4
-0.470199219340042	-0.0033069746465219	-1.44908116561234	4
-0.335149930064418	-0.00356785893175007	-1.67316732728991	4
-0.61732805704624	-0.00136290297638596	0.244956455917384	4
-0.165528191933808	-0.00397366528536451	-1.67720589509057	4
-0.293580610310658	-0.00337662026844076	-1.50581202893646	4
-0.36651224089218	-0.00295795045413912	-1.11002670878836	4
-0.145103474116893	-0.000312754147122457	0.660314372213141	4
-0.400334640880161	-0.000420725308661913	0.76353331437846	4
-0.418884411454468	-0.00215994014473445	-0.492597509731096	4
-0.339204119213801	-0.00379011647233175	-1.74611830682452	4
-0.535736973518643	-0.00154154262166829	0.0133544689087574	4
-0.502774478058997	-0.00159600570846591	-0.00101212530487556	4
-0.412179459696026	-0.00196587618188442	-0.281255681553414	4
-0.310494027184627	-7.37326217490318e-05	0.906095491962262	4
-0.538406749075876	-0.00221028023505379	-0.469465469485049	4
-0.589858891338832	-0.0026572405385675	-0.967917341975423	4
0.000245234885807681	0.333633561229632	95.4785584275202	4
-0.322202692200864	-0.00212362224571756	-0.440498615762574	4
-0.314975310734101	-0.00217201027398074	-0.45385065370272	4
-0.550270441592871	-0.00123220620559077	0.159328044024274	4
-0.451801483040362	-0.00337749705642917	-1.50782454659975	4
-0.629330966186996	-0.00196697689433235	-0.211377755584242	4
-0.341200217865287	-0.00106069975417302	0.335532491799137	4
-0.571778563313705	-0.00257663551558168	-0.688800346343495	4
-0.363735957395081	-0.00370041031966454	-1.62347164068055	4
-0.432824897563771	-0.00309023677952618	-1.28386931580802	4
-0.518401862369924	-0.00210074690507426	-0.448031010267296	4
-0.42041008404101	-0.00342597027885922	-1.53946656463945	4
-0.495060030447497	-0.000998076325636375	0.388731517835794	4
-0.588474349312624	-0.00228752503446289	-0.536273940415295	4
-0.673704171845806	-0.00180275225171631	-0.118813794606202	4
-0.675416576048765	-0.00210772424290451	-0.323305274189472	4
-0.384396063058728	-0.00280344382550067	-1.01158380434622	4
-0.640250041482812	-0.00237849155758471	-0.597794615237686	4
-0.341884537132586	-0.00379091724810114	-1.75479404799074	4
-0.366510020523511	-0.000285388381439631	0.966639213554112	4
-0.553556625304664	-0.00102801125328913	0.480149358025576	4
-0.481031439582485	-0.00204370958254643	-0.28742116145103	4
-0.651243923180974	-0.00168816343359636	-0.00791743643814178	4
-0.531829719811283	-0.000927159152036359	0.532344945099749	4
0.000243331824088791	-0.107027733806427	-97.5765112373258	4
-0.667744466482106	-0.00171733939098056	-0.16543918226739	4
-0.624949496165942	-0.00161560344875785	-0.0642045435090566	4
-0.678152714790465	-0.00206826555944534	-0.397135267621478	4
-0.613107139597194	-0.00182247154051565	-0.142651465400576	4
-0.623059497054767	-0.00259052286359625	-0.737891539030622	4
-0.251241340682788	-0.00221773678864682	-0.630334956545915	4
-0.308595907530675	-8.27465667103247e-05	0.923883474150799	4
-0.469821764793969	-0.00273624148751327	-0.872602903558067	4
-0.374959042892853	-0.00278189258239564	-0.974884384689629	4
-0.128967645597123	-0.00247103431217172	-0.732624144712271	4
-0.532447283462382	-0.00253149043308733	-0.628934111104646	4
-0.153017492543364	-0.00418990008012457	-1.84600264345088	4
-0.28155922252204	-0.000602394725255292	0.534593849133175	4
-0.461241556746486	-0.00244237281717787	-0.679561557880466	4
-0.308946581358267	-0.00291464877224074	-0.945515997467889	4
-0.247321472616542	-0.00417147398848929	-1.85070479891669	4
-0.128623672997383	-0.000290978638034116	0.565509554709867	4
-0.302975491036012	-3.88890720588505e-05	0.906162396506521	4
-0.660243352507172	-0.00181405468477041	-0.161988440837119	4
-0.53709543336731	-0.00204105086764551	-0.386149483417803	4
-0.478700311409798	-0.00275883494420867	-0.937936429909834	4
-0.472518128224815	-0.00290023401995278	-1.14209020206531	4
-0.405672859687973	-0.00323048884336422	-1.31352934496139	4
-0.374634847673345	-0.00325516520667779	-1.37241736973577	4
-0.544279677995885	-0.00288170198478797	-1.05165219853526	4
-0.65343725926384	-0.0023002699510759	-0.57890948391303	4
-0.463012839068714	-0.000675403925285159	0.68881433569196	4
-0.3094724115873	-0.00182069263281757	-0.12033149851708	4
-0.547581112562826	-0.00246999535856824	-0.768827629955679	4
-0.209969659741241	-0.00106637218686908	0.151538956775618	4
-0.629600262468697	-0.00228709134916554	-0.559753731995094	4
-0.614405512723609	-0.00207274514732255	-0.285195464748222	4
-0.610168071507976	-0.00220463508735155	-0.398409870718576	4
-0.375867288222284	-0.000330539405600126	0.807290706951209	4
-0.63602664821797	-0.00164382268740254	0.00679558786774606	4
-0.604455660982268	-0.00267513884994638	-0.899049416661304	4
-0.65298070470698	-0.00218246987917029	-0.377274281249048	4
-0.428528389225924	-0.000957834873015092	0.389478651126381	4
-0.519898239395849	-0.00127676470820611	0.199910712798544	4
-0.589234563675103	-0.00156877727580668	0.0740831988207552	4
-0.217163198686619	-0.000617240143667743	0.791517336006266	4
-0.38394440904476	-0.00324795898667843	-1.30499599879887	4
-0.300769350278194	-0.00395473000532227	-1.87903237748481	4
-0.178753120828406	-0.000195818215391698	0.788076058890547	4
-0.6636756146208	-0.00194818053765797	-0.314707221917905	4
-0.670420364262576	-0.00186918472622643	-0.163439319421744	4
-0.556403699903116	-0.00290687863505641	-1.13322497386653	4
-0.550143383761402	-0.00102604201712058	0.495369273874595	4
-0.629645755313803	-0.0020365991042812	-0.31242350598266	4
-0.442332748110972	-0.00316007639445178	-1.24291221820686	4
-0.269967089250078	-0.000827153223099986	0.50326168313878	4
-0.261976171149616	-0.00402915172111016	-1.90859515986725	4
-0.10740582880894	-0.00204105693404455	-0.191174692470437	4
-0.621646666195145	-0.00186891890264413	-0.151799275396962	4
-0.583060846031898	-0.00218158491381285	-0.445306537613541	4
-0.572816896973291	-0.0018949431595506	-0.211922072519002	4
-0.223523783314537	-0.00421367898999303	-1.87445065611342	4
-0.245393888852907	-0.000112975193515542	0.978115262366206	4
-0.58934224021801	-0.00123505544474355	0.360935032840721	4
-0.0356537868558127	-0.00525776923065549	-2.998211072892	4
-0.5363721968016	-0.00220789603722538	-0.469838514949296	4
-0.546061195043685	-0.00278199286222054	-1.08324633659034	4
-0.351675366616951	-0.00368039185499023	-1.70137206365708	4
-0.650076477530095	-0.00155362569271527	-0.0169019757683637	4
-0.646955546363621	-0.00176155133408889	-0.0809180752236071	4
-0.627518087788576	-0.00198861296189368	-0.230494802440556	4
-0.632614948994457	-0.00256028365328447	-0.78328765953205	4
-0.655830664559232	-0.00168278108570713	-0.0206582424477628	4
-0.204227674261783	-0.000388859777768315	0.635677994475607	4
-0.500478911646963	-0.00309062976271833	-1.27283084979498	4
-0.374922990863644	-0.00229589139764126	-0.564447732577652	4
-0.458807936239549	-0.00260271162856546	-0.840065657241602	4
-0.405089942628417	-0.00113224410096512	0.177475839265315	4
-0.650678037982275	-0.00224387589136602	-0.586884967290125	4
-0.546037634615521	-0.00187195240584857	-0.138421085061863	4
-0.229584335513585	-0.00110197405426776	0.158743205449244	4
