s11	s12	s21	s22	s31	s32	s41	s42	s51	s52	labels
-0.108862298	-0.126860203	-0.086453406	-0.202979086	0.319851403	-0.346702501	0.390560665	-0.263699695	0.389549238	-0.40163079	1
0.036199016	-0.146524908	0.163282601	-0.383019095	1.331337248	-0.824658713	1.389926405	-0.176782378	1.389957342	0.253648269	2
-0.231675723	0.022773025	-0.42548265	0.357337701	-1.986988861	1.020062313	-2.000854736	0.021215267	-2.001998593	-0.863600311	1
0.108895578	-0.018841973	0.234415201	-0.253205834	1.334435848	-0.740349239	1.368852556	-0.133218563	1.368885583	0.29469774	2
0.002229819	-0.120364732	0.11055445	-0.346326024	1.206574166	-0.796020305	1.282325995	-0.310596505	1.282022132	-0.161261935	1
-0.039333396	-0.227225493	0.128096866	-0.595116794	1.881145757	-1.307084159	2.018518046	-0.634146857	2.019571077	-0.640685222	2
-0.076745908	-0.126929998	0.052011789	-0.377168406	1.343413111	-0.906006517	1.44306827	-0.215328228	1.442892567	0.272084573	1
0.072041145	0.048171872	0.197813016	-0.188301317	1.323225246	-0.73592009	1.368746917	-0.133973831	1.36878012	0.294619565	2
-0.072548676	-0.140858278	0.005000293	-0.293473713	0.810860739	-0.582133109	0.879395994	-0.084814739	0.878638638	0.402468556	1
0.048427882	-0.090378547	0.195233944	-0.391026418	1.610217489	-1.004029474	1.690827099	-0.36149307	1.691369495	-0.124105599	2
-0.084565327	-0.166081663	0.035367142	-0.397997151	1.246283461	-0.860863157	1.342101116	-0.169447839	1.341666186	0.395382626	1
0.038264494	-0.060156353	0.162016964	-0.289294679	1.287207284	-0.766189066	1.341122113	-0.140734892	1.341160493	0.307864964	2
-0.027712743	-0.069788595	-0.03515231	-0.046527254	-0.115029496	0.050726095	-0.11971079	0.188527968	-0.120618081	0.637134713	1
0.095988443	-0.095997189	0.181644638	-0.244325463	0.885669307	-0.487883992	0.895523432	-0.020806284	0.89564687	0.398123432	2
0.108434727	0.167689259	-0.006838561	0.444333906	-1.367061496	1.030863153	-1.507700234	0.628816591	-1.506764206	0.888500555	1
0.050411084	-0.04414586	0.176303859	-0.278885102	1.317733638	-0.774116522	1.370050175	-0.149733412	1.370087312	0.28520083	2
-0.078298053	0.26511342	-0.422834316	0.968291251	-3.798109892	2.405585498	-4.00477433	0.878685938	-4.004187643	0.34794017	1
0.03360283	-0.077456446	0.159632605	-0.311020883	1.311181461	-0.789583602	1.368188077	-0.151732857	1.3682671	0.29618354	2
-0.092769626	-0.137084092	-0.107320726	-0.165492931	0.020405308	-0.201613033	0.086302985	-0.530905827	0.085636721	-1.481155195	1
0.116357475	-0.032162637	0.241791221	-0.26596382	1.336107909	-0.740698603	1.368219454	-0.132409491	1.368240542	0.296223088	2
-0.054118907	0.014771362	-0.178003	0.281502397	-1.421815143	0.884621118	-1.501271503	0.531070399	-1.501922788	0.88042961	1
0.182542574	-0.086973351	0.307494463	-0.318620552	1.356080056	-0.728918094	1.36824164	-0.125161284	1.368292477	0.296251937	2
-0.242311558	0.147850178	-0.544133503	0.691137961	-3.133651419	1.750206164	-3.20709233	0.174643058	-3.207919016	-1.147290538	1
0.137917662	-0.080705008	0.263195098	-0.313020101	1.342646866	-0.746083082	1.368269828	-0.132829091	1.368308094	0.296212023	2
-0.182545202	0.08036988	-0.392817152	0.494493189	-2.313807012	1.340887315	-2.390299131	0.489878165	-2.391067977	0.30433453	1
0.103259683	-0.020459687	0.229090731	-0.25569119	1.336590773	-0.745591911	1.372933157	-0.13009204	1.372943145	0.315476892	2
-0.028882135	-0.094965486	0.093007162	-0.326125856	1.265537306	-0.811863607	1.342549861	-0.169011062	1.342400312	0.298502229	1
0.143702976	0.000285613	0.268940345	-0.234044398	1.344397394	-0.719337946	1.368268154	-0.124458767	1.368272414	0.296230952	2
-0.035531409	-0.023428218	0.093769501	-0.26198778	1.317874888	-0.816418464	1.39664125	-0.153981477	1.396689049	0.317483854	1
0.115455559	-0.105144429	0.240895369	-0.337083157	1.335841177	-0.762966842	1.368196722	-0.13914835	1.368263825	0.296220423	2
0.117875564	-0.027789745	0.136775428	-0.040644725	0.159772301	0.005781221	0.115624312	0.258254554	0.115117328	0.848255798	1
0.041428272	-0.062786652	0.167016215	-0.295833978	1.309292979	-0.779176506	1.363707327	-0.147913752	1.363747017	0.296820217	2
-0.138180529	-0.102807031	-0.140635846	-0.115111334	-0.009316291	-0.13030142	0.042336974	-0.052380022	0.041193603	0.080606377	1
0.143767145	-0.079402857	0.255820817	-0.290223251	1.21935088	-0.672749907	1.238549503	-0.138481293	1.238494426	0.20783391	2
0.047628832	0.048398573	0.040941362	0.087367198	-0.147426326	0.173543188	-0.18620273	0.242442551	-0.186014493	0.582955037	1
0.021235248	-0.033813688	0.143939381	-0.261575173	1.269941195	-0.758297355	1.32839464	-0.141388151	1.328432599	0.299721823	2
-0.082662655	0.209604768	-0.412668064	0.90989367	-3.739046711	2.391224887	-3.957935312	1.138463445	-3.957655164	1.253135582	1
0.091321465	-0.125161607	0.216934543	-0.35685741	1.328584739	-0.77927417	1.368224159	-0.14541304	1.368263312	0.296181436	2
-0.132505092	0.253401106	-0.47758152	0.933146791	-3.736758048	2.295037724	-3.908494329	0.669896528	-3.908279227	-0.189137332	1
0.021874685	0.019635337	0.045877158	-0.027822928	0.268712494	-0.146798324	0.278156696	-0.066625242	0.278088914	-0.088569446	2
0.007593304	0.010100836	0.142831933	-0.248239396	1.437980166	-0.864436002	1.51535059	-0.223889301	1.515294983	0.126303671	1
0.125236107	-0.067384948	0.250604869	-0.300181447	1.33876758	-0.747461248	1.368214557	-0.133944262	1.368266152	0.296233893	2
0.063973073	-0.044640503	0.188340088	-0.293742083	1.378195054	-0.828697641	1.440386601	-0.294239278	1.440288443	-0.128062892	1
0.051250689	-0.001684714	0.177028962	-0.236763307	1.315226633	-0.758576733	1.366897449	-0.141516012	1.366927751	0.295901992	2
-0.057378543	-0.141497359	0.015376862	-0.28229826	0.756769936	-0.536025449	0.815875915	-0.048212962	0.815069972	0.473606781	1
0.141198637	-0.118983687	0.266515984	-0.350431202	1.344344427	-0.756628651	1.369031989	-0.135939107	1.369059875	0.295879368	2
-0.058686246	0.015611992	-0.191964605	0.300526844	-1.522672015	0.943845444	-1.606356963	0.551072009	-1.607051114	0.888944024	1
0.003686422	-0.013252736	0.130177467	-0.249984981	1.306861333	-0.786997349	1.373532371	-0.157414016	1.373571376	0.281580511	2
-0.137207384	0.17672223	-0.459082605	0.837675362	-3.588174213	2.221216848	-3.767749522	0.934052839	-3.76792868	0.801204877	1
0.090501317	-0.019232587	0.216567983	-0.254939812	1.33418507	-0.752006608	1.374609693	-0.139486529	1.374658463	0.289871107	2
-0.037699556	0.031227792	-0.076927847	0.115344174	-0.457309129	0.277470102	-0.47518958	0.125241396	-0.475220329	0.120857522	1
0.140023848	-0.043002417	0.265279954	-0.276250919	1.343211408	-0.733841262	1.368232423	-0.129049877	1.368243055	0.296170493	2
0.079427562	0.011721921	0.211109775	-0.232265689	1.380156503	-0.772984671	1.425214557	-0.128446851	1.425279901	0.341716137	1
0.035089041	0.037443722	0.161110672	-0.199054503	1.311646401	-0.754511022	1.368217871	-0.141099431	1.368264966	0.296217113	2
-0.04511074	0.079576408	-0.238884778	0.496181068	-2.211309319	1.413131143	-2.345969174	0.765302634	-2.346302924	1.077568534	1
0.15047761	-0.017492901	0.275663883	-0.251285601	1.346405573	-0.721755946	1.368261118	-0.124801467	1.368311983	0.296263917	2
-0.035663349	0.091819395	-0.148329574	0.346625617	-1.335852043	0.879158554	-1.421237913	0.54009044	-1.421190648	0.857891961	1
0.027586722	-0.023350427	0.153659178	-0.258367768	1.309392426	-0.775942657	1.368234208	-0.147967999	1.368259396	0.296190159	2
0.010490399	0.235890729	-0.250180938	0.793558103	-2.937362636	1.949663745	-3.133745949	0.866828603	-3.132824102	0.737056604	1
0.059979772	-0.070604128	0.185930321	-0.304333386	1.320477911	-0.777192771	1.369660329	-0.146853902	1.3696869	0.295329356	2
-0.035324638	0.092014016	-0.11153133	0.249034556	-0.837699031	0.529631899	-0.875838774	0.153158562	-0.875682024	-0.095699707	1
0.080058641	-0.063894222	0.206826794	-0.302823604	1.346658737	-0.78373652	1.392576061	-0.169005051	1.392611905	0.23121499	2
-0.01615265	0.00351445	0.0949832	-0.208800536	1.178879389	-0.725068299	1.250468686	-0.207691397	1.250380251	0.032917524	1
0.015394663	-0.10827779	0.141564214	-0.341296853	1.305848474	-0.806722857	1.368363372	-0.158101821	1.368386037	0.295545261	2
-0.016063943	0.04384535	-0.098141873	0.220524487	-0.93440468	0.600588416	-0.991434769	0.29328585	-0.991393769	0.330571599	1
0.093179828	0.049035386	0.109814538	0.034706435	0.145140033	0.010274051	0.113232311	0.126746494	0.113454804	0.359554949	2
0.012421354	0.225544367	-0.237800792	0.771093429	-2.862015222	1.916663014	-3.061479102	0.96787567	-3.060717772	1.131577228	1
0.172863663	-0.081953201	0.297717542	-0.313486126	1.351290703	-0.730360278	1.366262706	-0.125975911	1.366292999	0.296720401	2
0.115890824	0.054299784	0.263169525	-0.213447359	1.539147656	-0.82439123	1.578447797	-0.097822283	1.578505988	0.47051556	1
0.109587385	-0.024358694	0.234769993	-0.25779995	1.33079138	-0.73917421	1.364686849	-0.132085005	1.364761434	0.296810565	2
0.020927304	0.023513153	0.103884987	-0.118431312	0.828125321	-0.458691061	0.85834251	-0.019568541	0.858525845	0.35667703	1
0.116830936	-0.136902432	0.242259296	-0.368009745	1.336248038	-0.771898281	1.368192504	-0.141765863	1.368265835	0.296197982	2
0.003061539	0.006907546	0.142181413	-0.254530734	1.460524514	-0.875480118	1.537980794	-0.195282209	1.537968742	0.229475283	1
0.010473841	-0.049783998	0.139956161	-0.311243478	1.400368069	-0.879271612	1.479792881	-0.311324449	1.479950816	-0.102088448	2
-0.021706341	0.009714442	0.071975997	-0.161736427	0.965554217	-0.586315046	1.023003731	-0.125451395	1.023011932	0.151159629	1
0.028895268	-0.048790594	0.154930313	-0.283088207	1.309475884	-0.782823404	1.367880581	-0.149969384	1.367944391	0.296154245	2
-0.027055551	0.024680308	0.035863054	-0.090046044	0.648967393	-0.396294765	0.692359923	-0.101214371	0.692353434	0.033520283	1
0.048191109	-0.039220656	0.174116569	-0.273603516	1.315570508	-0.771892868	1.368242194	-0.145602846	1.368274787	0.296204693	2
0.032494514	-0.030308883	0.162613279	-0.272395401	1.355116099	-0.80206327	1.414867012	-0.151432845	1.414905061	0.308198277	1
0.018869368	0.026154052	0.145006417	-0.210233803	1.306766112	-0.764819571	1.36821711	-0.145109521	1.368235261	0.296189848	2
0.123310492	0.025330229	0.217553233	-0.145998584	0.996333452	-0.504690083	1.004496265	-0.008809538	1.004288362	0.475720448	1
0.102700296	-0.032475168	0.228133777	-0.266207316	1.33090905	-0.745924862	1.367037801	-0.134616634	1.367087326	0.296565398	2
0.025497765	0.007980952	0.168190727	-0.265333996	1.523107289	-0.906324925	1.599339606	-0.229428734	1.599312249	0.154144205	1
0.084097536	-0.106524379	0.218577432	-0.386434264	1.514678225	-0.934971534	1.582128678	-0.380897783	1.582310728	-0.271457614	2
-0.177699706	0.064596893	-0.435034732	0.486685116	-2.517933531	1.334940111	-2.557402348	-0.193024729	-2.558649922	-1.895753738	1
0.097995509	-0.072490221	0.144692476	-0.187073809	0.61816706	-0.377782882	0.636283905	-0.295003081	0.635937711	-0.580099549	2
-0.193254593	0.101635491	-0.516569403	0.688316634	-3.34846839	1.897953556	-3.450120177	0.218130685	-3.450864411	-1.16447878	1
0.07050698	-0.050866645	0.143307196	-0.191244849	0.797335784	-0.459850284	0.819843876	-0.135120587	0.819741163	0.008924607	2
-0.102776755	-0.116727893	-0.201936975	-0.048606657	-0.655362333	0.112171138	-0.586940078	-0.917157294	-0.588266405	-2.990963601	1
-0.071677676	-0.086691463	0.072867047	-0.366178058	1.493970573	-0.981801221	1.598596078	-0.259074657	1.598975318	0.182244051	2
-0.033047738	0.034817831	-0.017133121	0.005172811	0.164965233	-0.110515128	0.186328921	-0.069052768	0.186289258	-0.147014384	1
-0.012145783	-0.06699931	0.113367856	-0.302523652	1.29731421	-0.810069989	1.369613605	-0.180329969	1.369671839	0.23449455	2
-0.002255052	-0.127619327	-0.040526696	-0.137179428	-0.111499885	-0.100465723	-0.068017603	-0.656542168	-0.069047766	-1.963000222	1
0.193301485	-0.099027037	0.316929852	-0.337081165	1.374623194	-0.750712678	1.389130221	-0.193248071	1.389194112	0.105268334	2
0.00390447	-0.137026087	-0.065319335	-0.11394433	-0.344881768	0.001797718	-0.300962432	-0.830189776	-0.302225561	-2.6109599	1
0.148356239	-0.050854746	0.280182312	-0.297956878	1.419218658	-0.778309853	1.44592063	-0.134211397	1.446065236	0.330884475	2
-0.030226605	-0.167491368	0.131739378	-0.474031601	1.679155841	-1.08214114	1.776784394	-0.184629279	1.777161188	0.540024646	1
0.001479969	-0.15985074	0.158990946	-0.456805364	1.637229349	-1.033772401	1.721917551	-0.17060298	1.722259335	0.525206359	1
0.026260191	-0.089966723	0.152357895	-0.323335158	1.309157318	-0.796600297	1.368407345	-0.154332253	1.368438538	0.295952477	2
-0.170793551	0.079617952	-0.453584143	0.56396677	-2.823707803	1.546414702	-2.888053828	-0.094272795	-2.888860826	-1.83827474	1
0.040202379	-0.007445489	0.166198954	-0.242840248	1.313583525	-0.766140102	1.368686182	-0.144730337	1.368734058	0.295020042	2
-0.031249919	0.191708852	-0.325864893	0.833891199	-3.3832574	2.21519944	-3.604768187	1.166628221	-3.604343011	1.508192102	1
0.012888017	-0.042474805	0.155326635	-0.328004854	1.530737988	-0.952598029	1.615281074	-0.311539333	1.6155468	-0.022974469	2
-0.045079249	0.09128796	-0.239483901	0.503730434	-2.199925574	1.401371948	-2.330685053	0.712547197	-2.331003942	0.914039593	1
0.07198113	-0.020507824	0.194655273	-0.258123082	1.318619448	-0.766719129	1.368594571	-0.203859717	1.36856721	0.107759916	2
0.093905802	-0.012207963	0.063250974	0.082299712	-0.411282644	0.357967384	-0.484787576	0.384259685	-0.484834175	0.865395245	1
0.086639802	-0.145987926	0.215426215	-0.397890643	1.403782976	-0.855234849	1.456283004	-0.262343334	1.456383529	0.011947668	2
-0.096565307	0.207118717	-0.42077271	0.881938935	-3.633145961	2.296186361	-3.833454906	1.007896015	-3.833339987	0.937875338	1
0.062884578	-0.046774747	0.190132452	-0.286386245	1.343446741	-0.786256856	1.394345686	-0.167235797	1.394401898	0.241404431	2
0.030126418	-0.047209617	0.154228117	-0.28115316	1.300689696	-0.778738038	1.359207657	-0.135290343	1.35907505	0.363031692	1
0.068920704	-0.087633752	0.193076526	-0.320313275	1.314164112	-0.777099682	1.361709439	-0.165333146	1.361696652	0.236862081	2
-0.025457492	-0.165929398	0.13961498	-0.478971402	1.712468765	-1.099370172	1.81031107	-0.187328902	1.810742946	0.54988629	1
0.115931611	-0.075389108	0.238757224	-0.308323616	1.325499729	-0.75530935	1.360029334	-0.175160164	1.360013723	0.176260644	2
-0.007457019	-0.186220316	0.152716625	-0.487096337	1.659054935	-1.059612396	1.74738203	-0.174353884	1.747771993	0.53940682	1
-0.033323472	-0.056144258	0.104132281	-0.322983384	1.435616479	-0.914654595	1.525344405	-0.249603749	1.525676137	0.135127817	2
-0.000585886	-0.167202566	0.07983623	-0.427984297	1.189716601	-0.935292264	1.312777028	-1.005000169	1.312535096	-2.203403997	1
-0.197218335	0.037010705	-0.281403298	0.138791504	-0.751842899	0.261375482	-0.696698381	-0.345474931	-0.697854229	-1.285981536	2
-0.179298497	0.151718447	-0.465252521	0.665943005	-2.945533666	1.674649253	-3.028087734	0.11942862	-3.028600501	-1.296300515	1
0.072059391	-0.058989531	0.199170605	-0.296961437	1.341954615	-0.781778777	1.389238299	-0.157378506	1.389305771	0.266373708	2
-0.053219403	0.207186362	-0.347820915	0.836476758	-3.346780143	2.164708781	-3.551588675	1.04601609	-3.551215224	1.170542027	1
0.027986365	-0.050775307	0.107605722	-0.263412035	1.040328462	-0.720128884	1.120979424	-0.612418323	1.120613501	-1.205606008	2
0.081241192	-0.107066232	0.140734047	-0.213960851	0.638240473	-0.363638153	0.644737388	-0.059911709	0.644717471	0.152135999	1
0.072434785	-0.054675629	0.200472787	-0.297652489	1.360904954	-0.796146296	1.410551788	-0.17979764	1.410675101	0.212653156	2
-0.020424193	-0.109701044	-0.037836584	-0.19098527	0.196862209	-0.339161948	0.279158103	-0.931981345	0.278055789	-2.576952829	1
0.010112855	-0.054775266	0.136478896	-0.289746676	1.306536137	-0.794625573	1.3709031	-0.156006705	1.370944243	0.291899168	2
-0.019073018	0.013729367	0.062271965	-0.146649375	0.872436338	-0.544842786	0.930163025	-0.193864969	0.930043906	-0.093548312	1
0.03838529	-0.050606287	0.135606161	-0.228979184	1.009529326	-0.594844656	1.048477262	-0.102792101	1.048496463	0.253070423	2
-0.032448344	0.262750753	-0.38531709	1.024115653	-4.023429924	2.635216704	-4.283268064	1.292462411	-4.282398132	1.45510229	1
0.083012451	-0.017277451	0.209171168	-0.254473146	1.336239638	-0.75910408	1.379794192	-0.150582847	1.379826136	0.263709771	2
0.008051481	0.266518598	-0.338502503	1.023305685	-3.968873321	2.638573388	-4.24276422	1.339594762	-4.241697766	1.584498428	1
0.073580735	0.050826334	0.141473729	-0.095857041	0.789553437	-0.441615169	0.817647677	-0.213124761	0.817363795	-0.243110937	2
-0.01900854	-0.172481697	0.045149072	-0.403777997	1.024220286	-0.85123821	1.146185002	-1.011554898	1.145752824	-2.313821266	1
0.136898291	-0.0829013	0.261475874	-0.314022876	1.335641309	-0.743421085	1.361347718	-0.133815037	1.361346781	0.290629195	2
0.00482168	-0.134045795	0.162341395	-0.438063247	1.660388701	-1.048753857	1.749022687	-0.236964936	1.74949233	0.324917217	1
-0.027563578	-0.027065597	0.097019945	-0.260226958	1.277069045	-0.79291297	1.352347499	-0.165818363	1.352396496	0.26547109	2
0.012268868	-0.214398301	0.171303586	-0.510841405	1.649715591	-1.048817224	1.730769098	-0.171052262	1.731167841	0.528429729	1
0.054548851	-0.007762737	0.180532816	-0.24309789	1.318617969	-0.760458296	1.369394775	-0.141844211	1.369435827	0.296134951	2
-0.060639719	-0.053566173	-0.118179557	-0.056589013	-0.240823461	-0.078874662	-0.169576077	-0.876413968	-0.17079244	-2.672841442	1
-0.032109827	-0.211506777	0.132106382	-0.561864779	1.815419425	-1.241156496	1.941186527	-0.540715191	1.942166933	-0.420397349	2
-0.093344468	0.004501817	-0.175542696	0.119712556	-0.749764837	0.338319946	-0.737034642	-0.199594204	-0.737996615	-0.920516127	1
0.08640086	-0.049325794	0.212341316	-0.28356442	1.330096132	-0.760432671	1.371397317	-0.139848785	1.371411539	0.296817586	2
-0.016069593	0.277926289	-0.384746514	1.070137287	-4.185064639	2.748197871	-4.458895295	1.311511721	-4.457893786	1.387743756	1
0.067072994	-0.040810777	0.142520532	-0.177283952	0.789299965	-0.43829241	0.806128457	-0.030095367	0.805957679	0.344100968	2
-0.032441874	-0.236526347	0.130381365	-0.607991035	1.876568273	-1.32171674	2.018478033	-0.729510259	2.019421396	-0.926325744	1
-0.203458048	0.026916719	-0.362056901	0.23650458	-1.416128011	0.606509366	-1.375641134	-0.499191438	-1.377318506	-2.095052547	2
-0.019845162	-0.265405039	0.146833914	-0.633410807	1.891865803	-1.317261513	2.025592723	-0.660117145	2.026541412	-0.720995553	1
0.105188019	-0.117954752	0.246484384	-0.405623066	1.57017247	-0.951211648	1.630126787	-0.33928688	1.6305804	-0.120968386	2
0.027544449	0.27375726	-0.304754527	1.001719714	-3.807078325	2.551744313	-4.077257594	1.297693909	-4.076106921	1.525757439	1
0.025529125	-0.035525614	0.122245356	-0.209069927	0.985633178	-0.577784913	1.025184325	-0.074962856	1.02528643	0.32127553	2
0.007299919	0.271024865	-0.342882593	1.026114021	-3.975131931	2.629318952	-4.243462013	1.254924227	-4.242369616	1.310945289	1
-0.030423071	-0.170789824	0.112172046	-0.450666397	1.507498077	-0.999259828	1.602863842	-0.30581669	1.603287117	0.047297791	2
-0.198951004	0.099461042	-0.491545372	0.592417442	-2.905591983	1.570775083	-2.960190007	-0.154771748	-2.961153106	-2.042200475	1
-0.048346545	-0.248468597	0.120722213	-0.627172387	1.91998577	-1.354493445	2.066509271	-0.702510769	2.067583939	-0.804054235	2
0.058372272	-0.001601929	0.248529348	-0.333634539	1.926205916	-1.088188757	1.998308711	-0.074158551	1.998620323	0.786397671	1
-0.048516307	-0.25856286	0.123873206	-0.636401351	1.93229406	-1.354656599	2.075703068	-0.651278828	2.076840771	-0.643358859	2
-0.173796786	0.210453859	-0.573690136	0.972380586	-4.24836024	2.533432087	-4.422056712	0.57926867	-4.42232199	-0.678372215	1
-0.046215258	-0.252950668	0.123995875	-0.631793096	1.926206409	-1.355342552	2.071254018	-0.687332731	2.072359801	-0.755324225	2
0.060026068	-0.157190221	0.227805719	-0.474680487	1.775910706	-1.086953778	1.85236324	-0.25165089	1.852940377	0.27464092	1
-0.0136866	-0.201485828	0.125804592	-0.546756289	1.700239395	-1.219931103	1.837267831	-0.844459767	1.837842957	-1.397663137	2
0.072020543	0.052394297	0.220631902	-0.217613962	1.542646922	-0.854987422	1.597118431	-0.125363562	1.597012929	0.418597451	1
-0.046511406	-0.259934206	0.124807677	-0.640872245	1.938009807	-1.364949122	2.083824197	-0.690131172	2.084945369	-0.754241788	2
-0.131272366	0.232206934	-0.526386185	1.015205964	-4.290556525	2.63822567	-4.498310686	0.846277125	-4.498254181	0.061548163	1
0.113118958	-0.124598823	0.238574626	-0.356063288	1.335156153	-0.769807899	1.368209672	-0.141336355	1.368266514	0.296212755	2
0.063908396	0.097004266	0.218292231	-0.181447175	1.59172401	-0.871516775	1.65016502	-0.113125399	1.650011888	0.468770692	1
0.007725606	-0.091710425	0.133923913	-0.325181554	1.303293347	-0.804870589	1.368119492	-0.157987107	1.368145614	0.295423778	2
0.058595102	0.088679688	0.206844237	-0.180165275	1.530639985	-0.843178774	1.588230109	-0.116029317	1.588091189	0.436935224	1
-0.026536667	-0.007318234	0.099933139	-0.243367182	1.293105899	-0.794237872	1.368220234	-0.156498765	1.368281356	0.296150177	2
0.058906417	-0.015519814	0.194086214	-0.263423615	1.407382832	-0.807933883	1.460216933	-0.135138782	1.460169512	0.353808864	1
-0.007266815	-0.097308553	0.140942351	-0.403928411	1.61623614	-1.049436511	1.717126607	-0.408568888	1.717530543	-0.220479507	2
-0.060743687	0.050537557	-0.176272739	0.271595824	-1.225281201	0.719451008	-1.270484225	0.124666875	-1.270498449	-0.352160019	1
0.058538324	-0.042983425	0.18438741	-0.277152082	1.318715719	-0.768625503	1.368235917	-0.144042406	1.368272827	0.29619124	2
-0.095012721	0.196231419	-0.409699217	0.84210939	-3.492166994	2.189409134	-3.677742697	0.859925886	-3.677404323	0.54493928	1
0.044510153	-0.080387557	0.17065567	-0.314270851	1.3169123	-0.78749169	1.370849746	-0.151226969	1.370867729	0.294127391	2
0.03384637	0.185376606	-0.133673252	0.570365153	-1.979559127	1.378334983	-2.136702792	0.824964781	-2.13597903	1.218839827	1
0.092229219	-0.04524628	0.224430885	-0.3069226	1.442905235	-0.845958665	1.495857317	-0.257662639	1.49603725	0.020412357	2
0.081254084	0.11734859	-0.06436588	0.458155275	-1.714586594	1.217616986	-1.868711792	0.716067429	-1.867744576	0.991662191	1
0.159072686	-0.060286869	0.284362466	-0.293499599	1.35158107	-0.732906959	1.371070136	-0.129373884	1.371126156	0.291224956	2
-0.136957171	0.200135085	-0.444987074	0.811031198	-3.358222785	2.049138297	-3.509498253	0.635593407	-3.509273626	-0.035488382	1
-0.029574926	-0.233177679	0.132394743	-0.59797312	1.853003124	-1.297330559	1.990161408	-0.690336135	1.991090578	-0.83074221	2
-0.098248244	-0.163383246	0.018659489	-0.390462582	1.212619207	-0.849067154	1.311385143	-0.169992938	1.310906075	0.387255633	1
0.023163491	0.022848843	0.149067313	-0.213524486	1.307530458	-0.764404914	1.367970607	-0.148317533	1.367990574	0.285120806	2
-0.121411033	-0.101336166	-0.0559274	-0.257482922	0.755027596	-0.606890439	0.851748366	-0.318332296	0.850986188	-0.323745986	1
0.11239655	-0.075564132	0.237862982	-0.308308103	1.334991888	-0.755452521	1.368286974	-0.137084993	1.368327551	0.296157047	2
-0.066783635	-0.10478628	0.050258076	-0.341687956	1.25309313	-0.851329653	1.349557863	-0.264849901	1.349269442	0.060680891	1
-0.035942317	-0.044033652	0.090585307	-0.279237094	1.29019377	-0.809224987	1.368168482	-0.161611631	1.368226241	0.295901307	2
0.050248315	0.107306515	0.207938628	-0.176046457	1.617050889	-0.889945787	1.6805778	-0.111056111	1.680416156	0.492604722	1
0.048811817	-0.054792534	0.174730007	-0.288766121	1.315769108	-0.776306571	1.368213435	-0.146902281	1.368242763	0.296157714	2
0.057327686	-0.139956127	0.188269492	-0.379152205	1.366028159	-0.824037719	1.417631915	-0.146895827	1.417709672	0.337132428	1
0.08444162	-0.077966263	0.210103476	-0.310945977	1.326498679	-0.768049621	1.368218717	-0.142416287	1.368250866	0.296207836	2
0.102876927	-0.115405398	0.224977179	-0.339122876	1.293158347	-0.745838576	1.326652159	-0.130020509	1.326712956	0.305097752	1
0.074126589	-0.025823714	0.199965126	-0.260628014	1.32497289	-0.758029081	1.369982797	-0.141043293	1.370021424	0.293053693	2
-0.020651186	-0.132702921	0.109398757	-0.423115884	1.486274351	-1.018190821	1.595271955	-0.540613889	1.595459246	-0.660463265	1
0.125525208	-0.008172119	0.253925543	-0.251683024	1.379917087	-0.759147521	1.412950568	-0.154615782	1.413049563	0.247507459	2
-0.100506663	0.021785655	-0.110610895	-0.001004699	0.013109022	-0.127062492	0.071798261	-0.37776596	0.071194122	-1.075995508	1
0.053161302	0.001155922	0.1790522	-0.234208532	1.317109188	-0.757691813	1.368235595	-0.141043988	1.368283597	0.296219842	2
-0.018247572	0.180368488	-0.271916956	0.702725253	-2.801278673	1.801888527	-2.969854159	0.718041549	-2.969558367	0.468082725	1
0.115019705	0.023462162	0.240361114	-0.211572795	1.334658369	-0.723946647	1.367096889	-0.127506276	1.367108463	0.295893184	2
0.072119842	0.195767974	-0.12176729	0.629400811	-2.235303949	1.557467858	-2.417425123	0.857566955	-2.416739066	1.135818081	1
0.163514548	-0.064859167	0.288992089	-0.298524838	1.355752317	-0.734381487	1.374188832	-0.130666934	1.374255726	0.288068915	2
0.004165869	0.263564636	-0.269423588	0.849842713	-3.098734697	2.061535944	-3.306355711	0.972639604	-3.30558796	0.999190517	1
0.036209336	-0.076214162	0.161706124	-0.309017714	1.30732405	-0.785620721	1.363433247	-0.152269786	1.363456461	0.290117296	2
-0.111672448	-0.159145462	0.00410699	-0.387653125	1.208230687	-0.85857958	1.313099308	-0.199604906	1.312630563	0.304871351	1
0.072049891	-0.109330917	0.19781142	-0.341676832	1.322881434	-0.782825792	1.36834505	-0.147614909	1.368406948	0.296022652	2
-0.044383617	0.292087412	-0.407787983	1.056233548	-4.07711276	2.642885951	-4.325458365	1.146379522	-4.32461677	0.969095933	1
0.087471965	-0.039871487	0.213114594	-0.273799246	1.327415094	-0.755338014	1.368227566	-0.138424915	1.368274199	0.296213263	2
-0.028910015	0.236103444	-0.370226889	0.955721826	-3.827944241	2.479038687	-4.065683134	1.080988106	-4.064882887	0.922784039	1
-0.021849232	-0.145318459	0.104583182	-0.377769601	1.29449253	-0.833596346	1.368216839	-0.168077348	1.368251448	0.296127807	2
-0.14947319	0.155460959	-0.366532683	0.522931	-2.167555994	1.201467261	-2.210002517	-0.080036457	-2.210732687	-1.44323186	1
0.040483684	-0.022567289	0.173096078	-0.277308293	1.402038322	-0.833844323	1.464845759	-0.20063585	1.465055336	0.194269405	2
-0.002905481	0.023371008	-0.013272114	0.069738453	-0.202281684	0.166882891	-0.227262208	0.216669959	-0.226917725	0.502358172	1
0.044048738	-0.066856665	0.170006936	-0.300587821	1.314374273	-0.781984252	1.368252838	-0.148895419	1.368313942	0.296098963	2
-0.059243975	-0.100118231	-0.088949394	-0.166721413	0.083936269	-0.304798807	0.177593152	-0.996250517	0.176410323	-2.811965876	1
0.0650828	-0.007465272	0.19223254	-0.245919619	1.337028181	-0.766275562	1.385809096	-0.146980697	1.38586856	0.285238729	2
0.032529256	-0.023267622	-0.011128526	0.088652656	-0.53862325	0.37961155	-0.593341988	0.276565659	-0.593037104	0.47451013	1
0.163814572	-0.06385425	0.288790863	-0.296048087	1.349115542	-0.729114321	1.366805745	-0.126078862	1.366888137	0.29673341	2
0.055529832	0.099553325	0.213546474	-0.184305893	1.622675802	-0.892550201	1.684862126	-0.111707303	1.684706537	0.492285407	1
0.075509031	-0.074807795	0.201158637	-0.307794898	1.322884447	-0.770315586	1.367213531	-0.143468562	1.367238712	0.296549728	2
-0.011780683	0.001578137	0.092724759	-0.213162002	1.160801002	-0.734159994	1.238211888	-0.313073966	1.23798949	-0.284378705	1
0.087463119	-0.062209039	0.213096654	-0.295579354	1.327440042	-0.76210363	1.368252079	-0.140682602	1.368308086	0.295508155	2
0.025561163	-0.045123745	0.179720697	-0.335277949	1.618453895	-0.972022346	1.695471324	-0.181224295	1.695628459	0.397912492	1
0.054829347	-0.047068569	0.180709166	-0.281180116	1.317585377	-0.771422855	1.368206626	-0.14508202	1.368245007	0.296203119	2
0.058812013	-0.109171585	0.214572277	-0.416964971	1.689697464	-1.036698461	1.767177102	-0.290729459	1.767511401	0.127137836	1
0.149405913	-0.132151037	0.27449505	-0.36279464	1.344933933	-0.75586207	1.36700703	-0.135009364	1.367048823	0.296540645	2
0.030205403	0.011303505	0.176185916	-0.265887887	1.549856869	-0.914791878	1.624473766	-0.210301387	1.624476727	0.224109846	1
0.067445686	-0.076091715	0.193472717	-0.310543704	1.326221468	-0.778787069	1.373697284	-0.151446813	1.373726723	0.281548885	2
-0.009551341	-0.130732563	0.151634858	-0.435072259	1.682788027	-1.060450182	1.774635375	-0.197237225	1.774929595	0.458294688	1
0.100347517	-0.00894693	0.225976291	-0.243723642	1.332295853	-0.7412515	1.369282884	-0.133739439	1.369340632	0.295426758	2
0.084467235	-0.053738998	0.270573353	-0.377254445	1.894938406	-1.070079723	1.957372274	-0.077048003	1.957575705	0.753911595	1
0.105987619	-0.05154111	0.231403225	-0.284761803	1.331945207	-0.75027095	1.36712401	-0.135768099	1.367139499	0.296490065	2
0.016946081	-0.034768104	0.081485626	-0.174723374	0.752954708	-0.484453369	0.800117931	-0.275130301	0.799850372	-0.41691979	1
-0.006997942	-0.075713544	0.132051421	-0.353490808	1.486877787	-0.947616219	1.575214781	-0.311084629	1.575466471	-0.025023223	2
0.014977674	0.284033167	-0.338163706	1.047432583	-4.013761943	2.665696424	-4.288329478	1.285097698	-4.287185747	1.368191	1
0.179333987	-0.114028371	0.304320789	-0.345042689	1.355201933	-0.73845533	1.368376742	-0.12822684	1.36838709	0.29621423	2
-0.122168199	0.04579137	-0.337660688	0.366381854	-1.984626231	1.004992881	-1.999615393	-0.464252943	-2.000873883	-2.45776865	1
0.084408478	0.024554073	0.125514373	-0.047447993	0.437764066	-0.196702138	0.431007148	-0.004358245	0.431100586	0.155148253	2
-0.035661631	0.013893238	-0.052813178	0.062374437	-0.248421708	0.15793163	-0.260088058	0.171117077	-0.260254186	0.404980402	1
0.00690042	-0.187726872	0.157389082	-0.512605631	1.697368633	-1.140175468	1.806298704	-0.533958278	1.806843048	-0.520463878	2
-0.170685877	0.005705172	-0.418903811	0.379912051	-2.313172138	1.148558269	-2.325365209	-0.491066879	-2.326806501	-2.662728412	1
-0.020000472	-0.233097197	0.141916154	-0.596243159	1.851442943	-1.288308192	1.984740695	-0.677729489	1.985646488	-0.802679015	2
-0.178066623	0.089782972	-0.505817923	0.665458894	-3.320597219	1.856542595	-3.413856824	0.05283692	-3.414756581	-1.654497751	1
0.071567326	-0.053566732	0.204192445	-0.309791449	1.420423643	-0.838537738	1.475430357	-0.214798932	1.475645135	0.150196175	2
-0.134632201	0.224706311	-0.49964294	0.974219797	-4.062805769	2.533605607	-4.272128179	1.029607854	-4.271996881	0.769092856	1
0.041149829	-0.032339877	0.169137952	-0.277982606	1.355686591	-0.808688311	1.416183846	-0.200798825	1.416253568	0.165127315	2
-0.139700649	0.242586778	-0.525754404	1.033791799	-4.290381894	2.676073763	-4.511156547	1.068218443	-4.51095179	0.74328535	1
0.07540348	0.008675964	0.165293847	-0.165416683	0.974280633	-0.544830109	1.004007699	-0.138735457	1.003910738	0.09204708	2
-0.169686906	0.214489222	-0.569591081	0.999943969	-4.330895346	2.62419988	-4.524917685	0.803136093	-4.525068021	-0.042116761	1
0.058361637	-0.029667843	0.188146675	-0.277895915	1.377379273	-0.809052455	1.433013946	-0.191609102	1.433123349	0.191996981	2
-0.107550288	-0.076773793	-0.25312473	0.074729978	-1.127433521	0.401873851	-1.080714988	-0.863238061	-1.082269503	-3.094133313	1
0.012888017	-0.042474805	0.155326635	-0.328004854	1.530737988	-0.952598029	1.615281074	-0.311539333	1.6155468	-0.022974469	2
0.096909574	-0.092058186	0.253021179	-0.379743604	1.642186411	-0.950829118	1.69556252	-0.157956711	1.695898048	0.421723938	1
0.144991964	-0.05886527	0.270196517	-0.291730665	1.344903226	-0.736757148	1.368435104	-0.130390859	1.368476723	0.293849602	2
0.095687905	-0.059815274	0.278824558	-0.378092169	1.869370667	-1.050513277	1.92710882	-0.076816446	1.92725202	0.733930272	1
0.150589869	-0.05755075	0.276928408	-0.293877179	1.362379702	-0.745300383	1.38563591	-0.139538542	1.385724151	0.273777911	2
0.063536614	-0.008045315	0.222373622	-0.290581356	1.629664002	-0.923304278	1.688946082	-0.111502647	1.688872001	0.520723343	1
0.098411554	-0.015235586	0.247975878	-0.29552145	1.583306572	-0.896653834	1.63476065	-0.176142493	1.635036443	0.311684355	1
0.048719587	0.107581116	0.205116164	-0.173870854	1.604268075	-0.883784498	1.667791229	-0.112189366	1.667631475	0.484260414	1
-0.175347284	0.045922482	-0.426752442	0.427006328	-2.353641779	1.184532509	-2.367303979	-0.476138417	-2.368711023	-2.655393683	1
-0.131415954	0.003679966	-0.334880082	0.336477928	-1.976496836	1.033122812	-2.007564672	-0.20315267	-2.008456985	-1.661288159	1
-0.225856041	0.071210972	-0.489180557	0.49743483	-2.57045251	1.326114082	-2.59207473	-0.291533633	-2.593189349	-2.21963155	1
-0.201706275	0.193913179	-0.579051919	0.89262899	-3.951394908	2.301209883	-4.08844436	0.377155304	-4.08900468	-1.076298026	1
-0.068505445	-0.104205853	-0.108559097	-0.153421545	-0.017953931	-0.254338909	0.074933606	-1.014184468	0.073753903	-2.925495343	1
0.043769157	-0.054425178	0.199694636	-0.353763067	1.664667389	-1.000582519	1.741746851	-0.229505221	1.741899162	0.271202445	1
0.02548051	-0.063854634	0.18194818	-0.358822174	1.644920024	-0.99458972	1.723621442	-0.186746517	1.723803154	0.406391741	1
-0.022945508	-0.157931793	0.141471233	-0.469598283	1.713298096	-1.096640793	1.81116284	-0.200563222	1.811536265	0.496938926	1
-0.041245452	-0.162487854	0.111942865	-0.449203958	1.580322047	-1.025319875	1.675930422	-0.185702592	1.676190783	0.462711749	1
-0.040511768	-0.178336539	0.121893674	-0.484997711	1.681949351	-1.093266707	1.783166764	-0.192783027	1.783536349	0.5230571	1
0.041463811	-0.148854857	0.201225754	-0.455154656	1.691493643	-1.047955477	1.769612058	-0.234000992	1.770143314	0.318824499	1
-0.007659299	-0.000570373	-0.029042292	-0.012593651	-0.03866654	-0.062623222	-0.006466821	-0.438713265	-0.007155197	-1.344073569	1
-0.156282818	0.00394782	-0.269698102	0.145050264	-0.977752152	0.383040186	-0.935770182	-0.511260176	-0.936785932	-1.988175272	1
-0.259580174	0.053340787	-0.463024045	0.340049088	-1.875548826	0.844305112	-1.836223485	-0.542565178	-1.837842387	-2.485371832	1
-0.022313512	0.27197474	-0.38915495	1.058644929	-4.160738927	2.724896711	-4.430134444	1.294150815	-4.429200613	1.360677525	1
0.042261602	-0.029565159	0.017465445	-0.065577655	0.038338611	-0.131509556	0.074439602	-0.638146107	0.07339736	-1.874247332	1
-0.067616575	-0.038020032	-0.206717582	0.18644643	-1.327056156	0.685548703	-1.350968115	-0.195628576	-1.351556213	-1.315772219	1
-0.164216181	0.019847371	-0.389351852	0.337181055	-2.028026472	0.965358917	-2.019889643	-0.626254019	-2.021443285	-2.908199828	1
-0.150190754	0.000154936	-0.307134508	0.185831942	-1.305167112	0.528016077	-1.261972126	-0.731130714	-1.263511124	-2.799092677	1
-0.185559476	0.035603903	-0.464220717	0.494989622	-2.729606311	1.442424787	-2.775241724	-0.215256647	-2.77641195	-2.082220886	1
-0.166914337	0.000851001	-0.388500153	0.314512269	-2.001124936	0.945711832	-1.992251378	-0.611059612	-1.993764485	-2.840044466	1
-0.059049537	-0.129124935	-0.068326619	-0.231617778	0.287017223	-0.432980545	0.389890909	-1.011837312	0.388876026	-2.735701234	1
0.044374837	-0.063023427	0.201713547	-0.362402819	1.671021334	-1.002691021	1.746718284	-0.207592051	1.746891198	0.344819711	1
-0.042153282	-0.177135644	0.11890235	-0.480623908	1.66666617	-1.084155398	1.767522189	-0.192463901	1.767867104	0.511917	1
-0.021257338	-0.173188286	0.142121427	-0.481983214	1.692906159	-1.086114688	1.78797889	-0.181368383	1.788392504	0.552479579	1
-0.022521633	-0.161454099	0.137837019	-0.464761195	1.662697305	-1.065259032	1.756782474	-0.17902255	1.757141777	0.538689775	1
0.045833613	-0.235699122	0.202005024	-0.522243306	1.622444242	-1.014081562	1.690247836	-0.157752834	1.690616511	0.514478181	1
0.052166757	-0.029813588	0.230359486	-0.345706043	1.817407633	-1.044536874	1.888457259	-0.102015116	1.888806077	0.670385593	1
-0.031661112	-0.269566634	0.13950716	-0.643068552	1.923836644	-1.340525272	2.061219171	-0.642870975	2.062246625	-0.640723706	1
-0.077483374	0.084523324	-0.18754398	0.238649427	-0.991460818	0.498822099	-0.989103774	-0.26978951	-0.990137523	-1.318217461	1
-0.069504968	-0.114093869	-0.050027626	-0.250846989	0.518501764	-0.544161808	0.625969163	-0.892879671	0.62514022	-2.259592116	1
-0.15314233	0.230016268	-0.545165821	0.9977635	-4.230420051	2.571898425	-4.421495408	0.730216722	-4.421375123	-0.258076265	1
-0.107385399	0.160178267	-0.401022225	0.758210213	-3.246181982	2.009163	-3.409528913	0.751180207	-3.409301228	0.380067222	1
-0.125813266	0.211453246	-0.484263127	0.925661894	-3.906204892	2.402376349	-4.09481181	0.776521764	-4.0946005	0.058816474	1
-0.100885769	-0.10453395	-0.150568302	-0.111502769	-0.206404533	-0.124854368	-0.126101247	-0.817023334	-0.127210702	-2.432709502	1
-0.19776941	0.042638701	-0.388681847	0.337006734	-1.829350808	0.898300705	-1.825410592	-0.284975028	-1.826722753	-1.730885189	1
-0.203902435	0.115584185	-0.486498983	0.642129768	-2.991257478	1.709986581	-3.082350892	0.366885927	-3.0832786	-0.462651175	1
-0.150530035	0.181734621	-0.503987859	0.881088217	-3.845339818	2.33507579	-4.020622789	0.756320157	-4.020766882	0.098666024	1
-0.194293597	0.087427217	-0.417733271	0.448663215	-2.186463093	1.138515889	-2.205900071	-0.191913024	-2.207164912	-1.683651267	1
-0.168670858	-0.036246358	-0.327997922	0.153197876	-1.334601091	0.522115635	-1.286892686	-0.730526469	-1.288477377	-2.775155125	1
0.043693764	-0.23468268	0.198334116	-0.518934563	1.607188429	-1.006672051	1.675090102	-0.159331782	1.675446288	0.503731621	1
0.063327445	-0.200908318	0.211010313	-0.47025486	1.537611057	-0.940331363	1.595234511	-0.147204381	1.595500028	0.460255375	1
0.03077679	-0.109513809	0.186102348	-0.388354513	1.590263784	-0.955594856	1.658938399	-0.127074505	1.659186369	0.524982444	1
0.076382474	-0.036451692	0.253560752	-0.352112777	1.818673347	-1.034309574	1.882353392	-0.096995848	1.882759887	0.680616624	1
0.078001017	-0.023399241	0.241335017	-0.315890493	1.682426081	-0.951379873	1.739610593	-0.099144977	1.739886608	0.595031896	1
0.059238162	0.027317996	0.243131312	-0.297244856	1.870046315	-1.049731328	1.940147737	-0.079010156	1.940510873	0.742549481	1
-0.013669245	0.235656553	-0.348857346	0.962154981	-3.827140963	2.518227164	-4.081985955	1.272526882	-4.081288558	1.520033852	1
-0.049572926	0.273334739	-0.431946451	1.084091424	-4.313873424	2.793777287	-4.579858054	1.277890472	-4.579096267	1.253384135	1
-0.009553961	0.222380143	-0.332246207	0.910000364	-3.640655832	2.380417225	-3.877570936	1.119857432	-3.877002552	1.168634578	1
-0.136643782	0.057129303	-0.278536067	0.270018587	-1.337626262	0.65792954	-1.332826839	-0.290172792	-1.333696846	-1.55144688	1
0.051437205	-0.064551424	0.064260016	-0.185377114	0.47532685	-0.421444087	0.538901984	-0.802685203	0.537956707	-2.101603504	1
0.085185713	-0.073802972	0.223285103	-0.333196877	1.461614719	-0.849491253	1.51047868	-0.143745478	1.510605298	0.391474096	1
0.008514007	-0.206075599	0.162664013	-0.491905527	1.593721888	-1.013537469	1.672696022	-0.167592146	1.673045875	0.496640597	1
0.065683954	0.009788749	0.248953915	-0.313947922	1.867585893	-1.050498531	1.935716226	-0.080926307	1.936096599	0.738519245	1
0.073650146	0.039513117	0.241595467	-0.259886622	1.721273744	-0.954220528	1.780808088	-0.08479627	1.781055896	0.636066077	1
0.062356183	0.05384404	0.235701473	-0.25263175	1.764724746	-0.978541818	1.828920008	-0.076693155	1.829110363	0.679058166	1
0.004380206	0.251728373	-0.308367444	0.941551071	-3.608383828	2.410044408	-3.860471266	1.275434696	-3.85947924	1.617525476	1
-0.07373581	0.175161218	-0.311991003	0.67353405	-2.678046145	1.699629012	-2.82527462	0.726815107	-2.824904007	0.603749575	1
0.066748498	-0.028453875	0.252706662	-0.357185685	1.898519066	-1.081276916	1.968366621	-0.094633062	1.968783425	0.725443037	1
0.062647735	0.034680369	0.250794298	-0.293910621	1.905377533	-1.061397011	1.974802481	-0.064438349	1.975070437	0.789450719	1
0.113348434	-0.038128781	0.284340191	-0.337934406	1.758585831	-0.971895454	1.806288027	-0.079607389	1.806332366	0.652183829	1
-0.084927616	0.14260529	-0.336268915	0.655256153	-2.779164731	1.727873557	-2.921926423	0.660721248	-2.92180867	0.379611117	1
-0.215722091	0.175958724	-0.536031111	0.737371385	-3.259111336	1.823921238	-3.337260434	0.036325024	-3.338084528	-1.686803966	1
-0.060049284	0.281702398	-0.44203428	1.06750977	-4.225425051	2.698079551	-4.467967622	1.039390974	-4.467251996	0.567178	1
0.014674592	0.256888441	-0.323137139	0.998138329	-3.87891862	2.586984299	-4.150822743	1.340576859	-4.149783433	1.6422884	1
-0.069759864	0.280323521	-0.468834036	1.107967313	-4.44163373	2.837507549	-4.698694388	1.15706177	-4.697990052	0.816057896	1
-0.001322404	0.270895331	-0.364988445	1.04662259	-4.101389069	2.692998635	-4.370848591	1.234093628	-4.369839266	1.185574453	1
-0.034788666	-0.022845016	-0.091720365	-0.024598363	-0.234653973	-0.052600194	-0.173062772	-0.84136344	-0.174287953	-2.591932274	1
0.065378085	-0.011770688	0.255888196	-0.344361457	1.932855531	-1.091128368	2.003125385	-0.074548991	2.00344899	0.787275529	1
0.085653731	-0.020620118	0.271772068	-0.34396161	1.892556157	-1.056537215	1.954043638	-0.067371572	1.954214478	0.769372221	1
0.116985095	-0.061260527	0.278106165	-0.345841859	1.66729138	-0.927254958	1.710592481	-0.093835639	1.710579835	0.569766903	1
0.086543711	0.06613442	0.224096501	-0.187790869	1.440144935	-0.785509226	1.485568785	-0.122058733	1.485564083	0.368111552	1
0.062627722	0.012809362	0.205681899	-0.249031584	1.488333648	-0.844174587	1.543994846	-0.139758526	1.543940055	0.368994405	1
-0.015078099	0.282786802	-0.388703596	1.076926019	-4.20954061	2.753340929	-4.480314082	1.247271415	-4.47933566	1.17134073	1
-0.055525485	0.279620243	-0.412638345	1.016315808	-3.959270631	2.536724201	-4.188166087	0.992972049	-4.187464033	0.583258487	1
-0.110463587	0.274465039	-0.495449916	1.044549972	-4.200512956	2.618276892	-4.413361347	0.866849048	-4.412995831	0.118019341	1
-0.134474708	0.260573274	-0.544939568	1.0835248	-4.489493275	2.781014918	-4.712837815	0.943870467	-4.712524859	0.212854218	1
0.027311445	0.280918369	-0.315481837	1.026609253	-3.907745579	2.610777605	-4.181567807	1.283470205	-4.180358173	1.412161095	1
0.019011774	0.274561988	-0.328398447	1.032761316	-3.972517995	2.649009665	-4.249630261	1.329104174	-4.248460151	1.528529507	1
0.054295252	0.271261857	-0.266779383	0.976895451	-3.675090531	2.48494753	-3.945587201	1.260378541	-3.944312879	1.456548119	1
0.073899007	-0.010389886	0.263456772	-0.339771418	1.92237324	-1.077479568	1.988881148	-0.066770341	1.989113402	0.79317735	1
0.10839201	-0.065171069	0.265394255	-0.343574264	1.625876028	-0.91115844	1.670442916	-0.101765834	1.670411434	0.53340182	1
0.10446985	0.004054588	0.255940025	-0.277031301	1.597261558	-0.891171611	1.646264344	-0.15743769	1.646486906	0.359187497	1
0.064051866	0.100779049	0.218350288	-0.177866059	1.5915443	-0.870545082	1.650035092	-0.114222635	1.649882436	0.464782661	1
0.032054533	-0.183446961	0.178260389	-0.475759966	1.584450176	-1.01967411	1.666733129	-0.340607858	1.667240351	-0.046309153	1
0.02314802	0.279659108	-0.321451562	1.026670608	-3.920240723	2.612108821	-4.192078395	1.266089613	-4.190894967	1.355468253	1
-0.207260059	0.236693678	-0.596498615	0.981755601	-4.16393235	2.47678618	-4.325179883	0.608164966	-4.325505992	-0.515272903	1
-0.122392605	0.005645015	-0.224916746	0.075712283	-0.693326429	0.160079851	-0.620673059	-0.879790092	-0.622265079	-2.890200744	1
-0.208186742	0.206256683	-0.598879374	0.936661754	-4.114985636	2.4096272	-4.262403853	0.447814234	-4.262889098	-0.962255372	1
-0.016841827	-0.057988196	-0.030711449	-0.05795333	-0.052243215	-0.039096209	-0.032767982	-0.237906683	-0.033172425	-0.723884404	1
-0.075370699	0.263843464	-0.43731366	1.007649668	-4.01045345	2.548414673	-4.235044458	0.9965765	-4.234491442	0.603112504	1
-0.012080446	0.294545804	-0.38305782	1.084646769	-4.184499849	2.745144657	-4.455421164	1.249693896	-4.454388806	1.182041012	1
-0.028211346	0.293925495	-0.411206649	1.104162305	-4.306443672	2.805141533	-4.57732492	1.248231699	-4.576389093	1.12560083	1
-0.083824082	0.246851783	-0.466909404	1.040570284	-4.267452682	2.708899452	-4.509164129	1.124036206	-4.508725724	0.864941038	1
-0.175200512	0.224002204	-0.566409642	0.990914146	-4.235211166	2.562412984	-4.420954018	0.763330236	-4.421017058	-0.114960444	1
