s1,s2,s3,s4,s5,s6,labels
-0.25703977944205,-1.06398174397828,0.456601376346254,0.456601376346254,0.432806409224108,0.432806409224108,1
0.550085149450302,-0.453142176513705,0.611378467222419,0.611378467222419,0.528624598889498,0.528624598889498,1
-0.289905276000663,0.713362366209943,0.450298974121454,0.450298974121454,0.711606120509275,0.711606120509275,1
0.694203215713248,-0.885880122059068,0.639015050160687,0.639015050160687,0.460743982193721,0.460743982193721,1
0.641751800772666,-1.76100285802919,0.628956783929234,0.628956783929234,0.323469514785315,0.323469514785315,1
0.314544856179343,-1.97846500308662,0.566210439236184,0.566210439236184,0.289357728041304,0.289357728041304,1
0.322067647424682,-1.93948241357968,0.567653035917989,0.567653035917989,0.29547265797377,0.29547265797377,1
-0.364345844236647,-1.17255209268656,0.436023991176068,0.436023991176068,0.415775727489216,0.415775727489216,1
0.206095402998375,-1.48029779459763,0.545413793921936,0.545413793921936,0.367501781914901,0.367501781914901,1
-0.346465398716277,-0.330469412272669,0.439452807759655,0.439452807759655,0.547867429277212,0.547867429277212,1
0.0328958157307145,-0.630111469760846,0.512200437106122,0.512200437106122,0.500864646508404,0.500864646508404,1
-0.595178176480528,0.0678388786293953,0.391758778213437,0.391758778213437,0.610347303528587,0.610347303528587,1
0.0832525933287674,-0.14534842844364,0.521857028376597,0.521857028376597,0.576906081133376,0.576906081133376,1
1.11349006025745,-1.04055667237493,0.719418957558588,0.719418957558588,0.436480938631447,0.436480938631447,1
-1.07611355859347,0.148899518840884,0.299532932277775,0.299532932277775,0.623062727040561,0.623062727040561,1
-0.0399871392489434,-1.0920735719059,0.498224147510296,0.498224147510296,0.42839983794126,0.42839983794126,1
-1.2089889068705,-0.760368912864079,0.27405229214478,0.27405229214478,0.480432059863108,0.480432059863108,1
-0.641686305708978,-0.354685068606658,0.382840217174874,0.382840217174874,0.544068886296257,0.544068886296257,1
-0.422233779018859,-2.00735644047695,0.424923198942187,0.424923198942187,0.284825727537369,0.284825727537369,1
0.0773431909377668,-1.74852177649839,0.520723820767521,0.520723820767521,0.325427335956447,0.325427335956447,1
-0.326426292395004,-1.73863045164402,0.443295576665853,0.443295576665853,0.326978919860666,0.326978919860666,1
-0.558349272219763,-0.959615782583481,0.398821217319934,0.398821217319934,0.44917757772101,0.44917757772101,1
-0.00804240994421561,-1.84017880624736,0.504349980195699,0.504349980195699,0.311049729906619,0.311049729906619,1
0.708891036218312,-0.977690621471829,0.64183163783839,0.64183163783839,0.446342302416295,0.446342302416295,1
-0.61731415709548,-0.102817157307,0.387513905380708,0.387513905380708,0.583577668275964,0.583577668275964,1
-0.583524063302462,-1.04649629162296,0.393993611595325,0.393993611595325,0.435549231528696,0.435549231528696,1
0.131144822174289,0.190351186008497,0.5310410091842,0.5310410091842,0.629564964155126,0.629564964155126,1
0.9543244715631,-0.481583923831645,0.688896809246912,0.688896809246912,0.52416313816547,0.52416313816547,1
0.748338551184049,-1.43817583609939,0.649396230864986,0.649396230864986,0.374109163007148,0.374109163007148,1
-0.210176481912225,-1.39535587503338,0.46558804569679,0.46558804569679,0.38082603494771,0.38082603494771,1
0.625783338329543,-1.92425339980899,0.625894615887784,0.625894615887784,0.297861528321435,0.297861528321435,1
-0.895197952890079,-0.81661909070435,0.334225939695224,0.334225939695224,0.47160848245246,0.47160848245246,1
-0.725328626045405,0.701920077787018,0.366800674159432,0.366800674159432,0.709811247647871,0.709811247647871,1
1.22930366512386,-0.0683071244593872,0.741627778279445,0.741627778279445,0.588991019094865,0.588991019094865,1
-0.642299487392658,-0.936922173561369,0.382722631316996,0.382722631316996,0.452737367638514,0.452737367638514,1
0.308562759741681,-1.03800818730922,0.56506329156323,0.56506329156323,0.436880701905459,0.436880701905459,1
-0.808978584688765,-0.806789753321288,0.350759666395617,0.350759666395617,0.473150342809615,0.473150342809615,1
0.324622651661414,-1.12747920482643,0.568142992439936,0.568142992439936,0.422846000516347,0.422846000516347,1
-0.0396500714943088,-1.34250387971093,0.498288784798308,0.498288784798308,0.389116562905846,0.389116562905846,1
-0.362237099075809,0.590293176197544,0.43642837150148,0.43642837150148,0.692301105545165,0.692301105545165,1
0.510176328977439,-0.837095048471207,0.603725412643165,0.603725412643165,0.468396560191057,0.468396560191057,1
0.432604024105192,-0.793442539907003,0.588849876959784,0.588849876959784,0.475244028115141,0.475244028115141,1
1.006990466869,-1.32707940640669,0.698996224157479,0.698996224157479,0.391536093642351,0.391536093642351,1
0.883118902240256,-0.21155917722307,0.67524218097382,0.67524218097382,0.566520057662814,0.566520057662814,1
0.728346027691285,-0.906006014733781,0.645562394844421,0.645562394844421,0.457586972228739,0.457586972228739,1
-0.471230453385075,-0.46892512973187,0.415527425810242,0.415527425810242,0.52614883588152,0.52614883588152,1
-1.115673449642,-1.09950908605907,0.291946789621679,0.291946789621679,0.427233480122716,0.427233480122716,1
-0.356328983881525,0.286761181261716,0.437561332273225,0.437561332273225,0.644688135119895,0.644688135119895,1
-0.899221340743964,-0.833167229755423,0.333454400810475,0.333454400810475,0.469012690020764,0.469012690020764,1
0.196039035661608,-0.268947101546217,0.543485349854049,0.543485349854049,0.557518009809034,0.557518009809034,1
-0.33739387250161,-0.537366685465348,0.441192395259746,0.441192395259746,0.515412881111129,0.515412881111129,1
0.337938479375729,0.169511184139911,0.570696481995833,0.570696481995833,0.626295936806489,0.626295936806489,1
1.04636622636728,-1.57490414813362,0.706547057105417,0.706547057105417,0.352661535785645,0.352661535785645,1
-0.32733422099777,0.207463235010578,0.443121469110964,0.443121469110964,0.632249213251252,0.632249213251252,1
-0.952984365532936,-0.544700921923864,0.323144615700802,0.323144615700802,0.51426241002598,0.51426241002598,1
1.01732867191858,0.0390604497829659,0.700978714407966,0.700978714407966,0.605833029895456,0.605833029895456,1
0.905012174357402,-1.69473918679173,0.679440511178665,0.679440511178665,0.333863839836833,0.333863839836833,1
1.09533478193064,-0.399896187386914,0.715937438077673,0.715937438077673,0.536976929938138,0.536976929938138,1
-0.136313008516314,0.644393997470043,0.479752362923266,0.479752362923266,0.700787528216274,0.700787528216274,1
-0.499854457426929,-0.571945430468912,0.410038386980893,0.410038386980893,0.509988751890268,0.509988751890268,1
-0.0824249504507173,0.189445723962508,0.490086124850066,0.490086124850066,0.629422930569421,0.629422930569421,1
-0.207832811895206,0.173051321789055,0.466037476031826,0.466037476031826,0.626851253781313,0.626851253781313,1
-0.951068516285526,0.252727971104978,0.323512005633211,0.323512005633211,0.639349580187614,0.639349580187614,1
-0.305348543284629,0.861429880538241,0.447337519335123,0.447337519335123,0.734832450182188,0.734832450182188,1
0.259511923111934,-0.179797531538862,0.555657132086762,0.555657132086762,0.571502287944468,0.571502287944468,1
0.337982454719082,-1.70503781788938,0.57070491486102,0.57070491486102,0.332248364611637,0.332248364611637,1
0.609548099701298,-1.71495236668193,0.622781289914804,0.622781289914804,0.330693137728424,0.330693137728424,1
0.494341770664052,-1.95642684205701,0.600688922524569,0.600688922524569,0.292814702353195,0.292814702353195,1
0.843549721681825,-0.155762855261485,0.667654256928911,0.667654256928911,0.575272441832257,0.575272441832257,1
-1.02168507633105,-0.937460544959767,0.309970327833062,0.309970327833062,0.452652917030679,0.452652917030679,1
0.557305626325257,-0.618048630888537,0.612763091046364,0.612763091046364,0.502756860838539,0.502756860838539,1
-0.924517573906019,-1.00975275184283,0.32860350692925,0.32860350692925,0.441312937174425,0.441312937174425,1
-1.03944107813111,-1.57936723093461,0.306565375011227,0.306565375011227,0.35196144277089,0.35196144277089,1
0.51774369926809,-0.749421584385732,0.605176557958151,0.605176557958151,0.482149291772006,0.482149291772006,1
-0.342845855803528,-0.663714308163736,0.440146903930251,0.440146903930251,0.495593601024648,0.495593601024648,1
0.481073382810017,-0.29608945976559,0.598144530201707,0.598144530201707,0.553260375290326,0.553260375290326,1
-0.325506337886847,-0.876256370734669,0.443471990350295,0.443471990350295,0.462253593683889,0.462253593683889,1
-0.436565473806933,-1.64899755008439,0.422174903173814,0.422174903173814,0.341039014882912,0.341039014882912,1
-0.262749359304999,-1.19845812093171,0.455506487401955,0.455506487401955,0.411712027525945,0.411712027525945,1
-0.176449823972513,0.744996613754933,0.472055587230971,0.472055587230971,0.716568366723562,0.716568366723562,1
1.19327702880396,-0.152057772302947,0.734719184870864,0.734719184870864,0.575853632640051,0.575853632640051,1
0.0503010506453839,0.796043148331087,0.515538125646861,0.515538125646861,0.724575684507642,0.724575684507642,1
-0.931237032570306,0.17005184866213,0.327314960104475,0.327314960104475,0.62638074712084,0.62638074712084,1
-0.37159359322187,-1.5063457687371,0.434634137557158,0.434634137557158,0.363415815878263,0.363415815878263,1
-0.639823526144863,-2.0622815724599,0.383197430279756,0.383197430279756,0.276210000930818,0.276210000930818,1
-0.133860689237191,-1.28129462017757,0.480222628219672,0.480222628219672,0.398718037256286,0.398718037256286,1
0.16723318801338,0.0512153864602543,0.537961440060638,0.537961440060638,0.607739690973011,0.607739690973011,1
-0.970617314178025,0.156095840247409,0.319763259981061,0.319763259981061,0.624191564342777,0.624191564342777,1
0.117720210382434,-0.329468141213526,0.528466658814256,0.528466658814256,0.548024491761965,0.548024491761965,1
-0.150134023765167,-1.2585827409413,0.477101996844116,0.477101996844116,0.402280693096266,0.402280693096266,1
-0.899932257698539,-0.836450718053136,0.333318072896239,0.333318072896239,0.468497631859453,0.468497631859453,1
0.883859515971067,-1.78501600444842,0.675384203645422,0.675384203645422,0.319702738137871,0.319702738137871,1
-0.502586087483796,-1.09189786660589,0.409514560075767,0.409514560075767,0.42842739961974,0.42842739961974,1
-0.0272749421852631,0.171400602526266,0.500661882747716,0.500661882747716,0.626592316836441,0.626592316836441,1
-0.0397082314635326,-0.392092542018339,0.498277631839801,0.498277631839801,0.538201033961247,0.538201033961247,1
-0.0241391470428898,-0.158461237013921,0.501263213758996,0.501263213758996,0.574849165298915,0.574849165298915,1
0.956118943970659,-1.3603305515654,0.68924092353326,0.68924092353326,0.386320215851996,0.386320215851996,1
1.24499408714902,-0.721179080210382,0.744636628320796,0.744636628320796,0.486579498598542,0.486579498598542,1
0.218177086378773,0.438308225585208,0.547730619656797,0.547730619656797,0.668460274663,0.668460274663,1
-0.59632094204569,-0.140737153721745,0.391539637503743,0.391539637503743,0.577629419992605,0.577629419992605,1
0.268028538443462,0.115874294470599,0.557290307940882,0.557290307940882,0.617882287885991,0.617882287885991,1
0.18622944103309,-0.763663537112474,0.541604227781212,0.541604227781212,0.479915254882025,0.479915254882025,1
0.041220071363757,0.183761859123643,0.513796725393686,0.513796725393686,0.628531341896763,0.628531341896763,1
-0.139365582126222,0.318018046043112,0.479166990763252,0.479166990763252,0.649591183903065,0.649591183903065,1
0.866404777327959,-1.2470073940009,0.672037022097094,0.672037022097094,0.404096437929532,0.404096437929532,1
-0.573985350439812,0.377012662222659,0.395822788436151,0.395822788436151,0.658845262426157,0.658845262426157,1
0.379897430896545,0.602324925997495,0.578742676853819,0.578742676853819,0.694188443146956,0.694188443146956,1
0.521466671921635,-0.441864504630125,0.60589048817651,0.60589048817651,0.530393649489822,0.530393649489822,1
-0.512291893054371,-1.01361431192357,0.407653340954602,0.407653340954602,0.440707200879777,0.440707200879777,1
-0.410217068016918,0.119853470350095,0.42722756534719,0.42722756534719,0.618506473759732,0.618506473759732,1
0.0527160659787207,-0.899991579516614,0.516001237408541,0.516001237408541,0.458530415196523,0.458530415196523,1
0.445566847043991,-2.13088236237098,0.59133567308897,0.59133567308897,0.265449068193309,0.265449068193309,1
-0.102523815338349,-0.8680110570445,0.4862318964328,0.4862318964328,0.463546979170187,0.463546979170187,1
-0.492564095426072,-1.24446312877141,0.411436412220275,0.411436412220275,0.404495539266942,0.404495539266942,1
-0.499351553754338,-0.66974838286063,0.410134825542815,0.410134825542815,0.494647077347143,0.494647077347143,1
-0.197601702661606,-1.19105587783595,0.46799942921519,0.46799942921519,0.4128731663432,0.4128731663432,1
0.396653754392525,0.557794685876239,0.581955927878102,0.581955927878102,0.687203291527696,0.687203291527696,1
0.904321422776641,-1.37790698319428,0.67930805024683,0.67930805024683,0.383563122256296,0.383563122256296,1
-0.607632233819854,-0.167663283718053,0.389370544749714,0.389370544749714,0.573405703703809,0.573405703703809,1
-0.0512526567673688,-1.72517288816565,0.496063832587166,0.496063832587166,0.329089915019602,0.329089915019602,1
0.898046874379395,-1.70070846024209,0.678104820966302,0.678104820966302,0.332927481083904,0.332927481083904,1
-0.81455500722676,-1.0627896855047,0.349690312164282,0.349690312164282,0.432993399214602,0.432993399214602,1
-1.14987972859456,-0.992227662630525,0.285387274289596,0.285387274289596,0.444061977039373,0.444061977039373,1
-0.133556134345145,0.936176371138159,0.480281030727779,0.480281030727779,0.746557416596615,0.746557416596615,1
-1.19951883559912,-1.11418822515673,0.275868306034705,0.275868306034705,0.424930864822234,0.424930864822234,1
1.09877144087486,-0.659996338683663,0.716596463780732,0.716596463780732,0.49617681325219,0.49617681325219,1
0.634514886020594,-0.301913983467891,0.627569007920653,0.627569007920653,0.552346722431958,0.552346722431958,1
-1.02864744334194,0.0433506356652859,0.308635200056701,0.308635200056701,0.60650600176314,0.60650600176314,1
0.0654079322398681,0.165032000469821,0.518435073940372,0.518435073940372,0.625593318159455,0.625593318159455,1
-0.941886555639748,-0.516641623116107,0.325272770424906,0.325272770424906,0.518663878690165,0.518663878690165,1
0.159200705826457,-1.78767729680834,0.53642110326654,0.53642110326654,0.319285279561707,0.319285279561707,1
0.678744551013434,-0.940493462346185,0.636050642712201,0.636050642712201,0.452177164199903,0.452177164199903,1
0.777997191268154,0.472154724209264,0.655083675109659,0.655083675109659,0.673769541444997,0.673769541444997,1
-0.651025571512453,-1.62830530581506,0.381049286997603,0.381049286997603,0.344284864516116,0.344284864516116,1
1.0004490548848,-0.633803651094394,0.697741820184941,0.697741820184941,0.500285479489533,0.500285479489533,1
-1.10559358291241,-0.214671313873096,0.293879740015078,0.293879740015078,0.566031878252573,0.566031878252573,1
-0.577977148219787,-1.86114179238995,0.395057307374133,0.395057307374133,0.307761410863206,0.307761410863206,1
0.425712395533874,-0.616593966700888,0.587528314233266,0.587528314233266,0.502985043976069,0.502985043976069,1
-0.157067361684269,0.365990526542987,0.475772435787623,0.475772435787623,0.657116296027572,0.657116296027572,1
0.368678583263237,0.0488143496107236,0.576591311510601,0.576591311510601,0.607363056883643,0.607363056883643,1
-0.389460991984298,-0.93139205380215,0.431207822865369,0.431207822865369,0.453604839380989,0.453604839380989,1
-0.410687254030009,0.846064840582671,0.427137400837742,0.427137400837742,0.732422242345145,0.732422242345145,1
0.019012782315531,0.595881557208332,0.509538178207134,0.509538178207134,0.693177716328315,0.693177716328315,1
0.0640247661333195,-0.564599870243558,0.518169833184565,0.518169833184565,0.511140999256615,0.511140999256615,1
-0.298527295355227,0.519462068547942,0.448645585624324,0.448645585624324,0.681190318247692,0.681190318247692,1
0.920141346322305,-1.07687358573088,0.682341733951336,0.682341733951336,0.430784154930211,0.430784154930211,1
0.13075683056764,-1.91999874571486,0.53096660656075,0.53096660656075,0.298528926562587,0.298528926562587,1
0.495431015940935,0.406960431450796,0.600897799997153,0.600897799997153,0.663542962419409,0.663542962419409,1
-0.198632848024442,-1.30637649963195,0.467801693184723,0.467801693184723,0.394783615829234,0.394783615829234,1
0.446759675068701,-1.36833086239889,0.591564413950479,0.591564413950479,0.385065262273912,0.385065262273912,1
-0.616056887908873,0.51003232446521,0.387755003704134,0.387755003704134,0.679711139335354,0.679711139335354,1
-0.719989438847042,-1.03586756777461,0.36782453531478,0.36782453531478,0.43721648612687,0.43721648612687,1
-0.362435231115249,-1.20119132356714,0.436390377010694,0.436390377010694,0.411283288880866,0.411283288880866,1
0.626524308461206,-1.06259458582813,0.626036706904056,0.626036706904056,0.433024003155158,0.433024003155158,1
-0.147312573217544,0.750769217149593,0.477643048039761,0.477643048039761,0.717473875201391,0.717473875201391,1
-0.0021643401832131,-0.383541173208768,0.505477179350386,0.505477179350386,0.539542428203102,0.539542428203102,1
0.0850114762474315,0.659651164644492,0.522194317898451,0.522194317898451,0.703180814794198,0.703180814794198,1
-0.177903111602619,0.0430876594360917,0.471776899727287,0.471776899727287,0.606464750495952,0.606464750495952,1
-0.00437544012627005,0.444362676080717,0.505053171115017,0.505053171115017,0.669409994551491,0.669409994551491,1
0.752677803684027,-0.184913466994819,0.650228341055716,0.650228341055716,0.570699786436798,0.570699786436798,1
-1.02352740210801,-0.466106447207884,0.309617037017729,0.309617037017729,0.526590983167117,0.526590983167117,1
0.620862126203559,-0.969607802806011,0.624950907089829,0.624950907089829,0.447610198428937,0.447610198428937,1
-0.0027646068197764,0.480439158513759,0.50536207012698,0.50536207012698,0.675069063512229,0.675069063512229,1
0.613416004958649,0.270742087748357,0.623523012914661,0.623523012914661,0.642175330412594,0.642175330412594,1
0.024662946168246,-1.15123777158251,0.510621673330122,0.510621673330122,0.41911915802469,0.41911915802469,1
-1.11999081437426,-1.51240956333417,0.291118876705611,0.291118876705611,0.36246463024501,0.36246463024501,1
-0.858037059840462,-0.739601262871786,0.341352042129544,0.341352042129544,0.483689737871961,0.483689737871961,1
0.575697443117033,-0.873797771726723,0.61628996996815,0.61628996996815,0.462639257152011,0.462639257152011,1
1.0480013413957,-0.882286295401073,0.706860612465049,0.706860612465049,0.461307720993042,0.461307720993042,1
0.0662948916976986,-1.44826546168885,0.518605160378907,0.518605160378907,0.3725264730344,0.3725264730344,1
0.918168139312282,-0.167487906131149,0.681963344894357,0.681963344894357,0.573433213976195,0.573433213976195,1
0.315313567167703,-0.690742304425509,0.566357849935871,0.566357849935871,0.491353905677414,0.491353905677414,1
1.05717719632134,-1.1555175623277,0.708620206402559,0.708620206402559,0.418447816770467,0.418447816770467,1
0.0994820064422764,-0.727357949257662,0.524969237228557,0.524969237228557,0.485610262030015,0.485610262030015,1
0.811629914560739,-0.319854878102257,0.661533203408349,0.661533203408349,0.549532458038482,0.549532458038482,1
-0.209721791600606,-0.208518890593772,0.465675238696489,0.465675238696489,0.56699696645589,0.56699696645589,1
0.705486664442657,-0.835758730444774,0.641178803635363,0.641178803635363,0.468606179182573,0.468606179182573,1
-0.367371477562543,0.136734999211173,0.435443785178859,0.435443785178859,0.621154562751358,0.621154562751358,1
-0.770568728364762,-0.777203837735629,0.358125274382672,0.358125274382672,0.477791281317868,0.477791281317868,1
-0.294733474285143,-0.7108859237617,0.449373101982093,0.449373101982093,0.488194115053316,0.488194115053316,1
-0.739970616915815,0.0223257780527618,0.363992874932282,0.363992874932282,0.603207977368999,0.603207977368999,1
-0.489510962949273,-1.341152773146,0.412021891550554,0.412021891550554,0.389328501673392,0.389328501673392,1
0.433411515829572,0.809882039782918,0.589004724388642,0.589004724388642,0.726746495955555,0.726746495955555,1
-0.388840579737464,-0.157082079447399,0.431326795281251,0.431326795281251,0.575065504233598,0.575065504233598,1
-0.0687538160860727,-1.39121976579773,0.492707749248213,0.492707749248213,0.381474837874579,0.381474837874579,1
0.391253404406624,-2.04321185533006,0.580920337933336,0.580920337933336,0.279201335923075,0.279201335923075,1
0.568854517051923,-0.703011232590815,0.614977746604052,0.614977746604052,0.489429363541393,0.489429363541393,1
-0.0784322744902207,-1.50397174829895,0.490851774315044,0.490851774315044,0.363788212089523,0.363788212089523,1
-0.486285508838654,-1.19501725044482,0.412640415878233,0.412640415878233,0.412251773145724,0.412251773145724,1
-0.941468231998213,-1.58927630957725,0.325352989625136,0.325352989625136,0.350407073952362,0.350407073952362,1
0.999020433834473,-0.674369759241704,0.697467862830609,0.697467862830609,0.493922153910315,0.493922153910315,1
-0.0477596738914035,0.677599622793905,0.496733659163783,0.496733659163783,0.705996265624111,0.705996265624111,1
-0.716456970160904,-0.391838878818728,0.368501933828046,0.368501933828046,0.538240824357721,0.538240824357721,1
-0.667787963187577,-1.68940466889158,0.377834872318127,0.377834872318127,0.334700628864846,0.334700628864846,1
-0.0718342095630318,-2.14457188147264,0.492117042253483,0.492117042253483,0.263301687755667,0.263301687755667,1
-0.546308997693438,-1.75126924645818,0.401130102348541,0.401130102348541,0.324996359294604,0.324996359294604,1
0.953277555216956,0.268510096799832,0.688696048917691,0.688696048917691,0.641825213387718,0.641825213387718,1
-0.335814099195571,-2.07685484896818,0.441495338097713,0.441495338097713,0.273923991564541,0.273923991564541,1
-0.319709525717574,-1.25689414564456,0.444583607265841,0.444583607265841,0.402545571393334,0.402545571393334,1
0.734605656074306,0.57208377600271,0.646762763010994,0.646762763010994,0.689444722536442,0.689444722536442,1
-0.0556619100651734,-0.362133986206242,0.495218298799346,0.495218298799346,0.542900425971525,0.542900425971525,1
0.593569277024217,0.599929108011572,0.619717135158763,0.619717135158763,0.693812627704726,0.693812627704726,1
-1.08749943772469,-0.743472496558426,0.297349536392064,0.297349536392064,0.483082484145479,0.483082484145479,1
0.600201565477363,-0.657174622178056,0.62098896591988,0.62098896591988,0.496619436457557,0.496619436457557,1
0.326078851921163,-1.78282684039818,0.568422238479638,0.568422238479638,0.320046137202612,0.320046137202612,1
-0.130630923092422,-1.39610510324582,0.480841979438056,0.480841979438056,0.380708508685846,0.380708508685846,1
0.0383195383357943,-0.83323635142801,0.513240509065844,0.513240509065844,0.469001847380754,0.469001847380754,1
1.00039413983526,-1.28764453968841,0.697731289483546,0.697731289483546,0.397721969181366,0.397721969181366,1
-0.224938863803174,-0.339024432472126,0.462757159867728,0.462757159867728,0.546525462267011,0.546525462267011,1
1.17472355861464,-0.799228750067698,0.731161306729866,0.731161306729866,0.474336385237777,0.474336385237777,1
-0.287583489831965,-1.85288939485854,0.450744207933425,0.450744207933425,0.309055907542818,0.309055907542818,1
-0.231571129261333,-0.931759702072814,0.46148533351621,0.46148533351621,0.453547168932634,0.453547168932634,1
0.717600776903813,0.297571653070995,0.643501848083832,0.643501848083832,0.646383899267089,0.646383899267089,1
-0.916726592807219,0.0930245187513426,0.330097532632555,0.330097532632555,0.61429800117587,0.61429800117587,1
0.505716390188404,0.00728363454998868,0.602870159228803,0.602870159228803,0.600848420071319,0.600848420071319,1
-0.370884165699502,-0.26866196807229,0.43477017985268,0.43477017985268,0.557562736730373,0.557562736730373,1
0.977259418767174,-0.218358725191387,0.693294894698834,0.693294894698834,0.565453459473094,0.565453459473094,1
0.0983763952921409,-2.14004319121613,0.524757221379049,0.524757221379049,0.26401207215944,0.26401207215944,1
-0.029204884358558,-0.368707816529944,0.500291790306696,0.500291790306696,0.541869234551822,0.541869234551822,1
0.763067412524961,0.395761137459055,0.652220688676484,0.652220688676484,0.661786206418365,0.661786206418365,1
-1.12447756863195,-1.58719544786031,0.29025848106347,0.29025848106347,0.350733484377097,0.350733484377097,1
0.00665676398716641,-0.594281664497521,0.507168745046022,0.507168745046022,0.506485020922991,0.506485020922991,1
-1.1166024629474,-0.151958398445523,0.291768638790688,0.291768638790688,0.575869220731631,0.575869220731631,1
-0.67985780874923,0.574833796297272,0.375520316644669,0.375520316644669,0.689876099251709,0.689876099251709,1
0.581243918985897,-0.455928187049745,0.617353581521786,0.617353581521786,0.528187576633294,0.528187576633294,1
0.656109530549949,-0.128470316301092,0.631710072257924,0.631710072257924,0.579553634167933,0.579553634167933,1
-0.505584040865461,-0.646274127476864,0.408939662081186,0.408939662081186,0.49832932187487,0.49832932187487,1
0.91446103806011,-1.80579005345039,0.68125245823127,0.68125245823127,0.316444056360507,0.316444056360507,1
-0.33972504029869,-0.510334839060429,0.440745362394002,0.440745362394002,0.519653180403762,0.519653180403762,1
-0.69382350736317,-0.814915389952925,0.372842205578907,0.372842205578907,0.471875730238013,0.471875730238013,1
-0.489924781106546,-0.687662885226777,0.411942536337697,0.411942536337697,0.49183695292674,0.49183695292674,1
1.23867833160481,-1.04254386392692,0.743425497014074,0.743425497014074,0.436169221599395,0.436169221599395,1
-0.0608265746652562,0.0869530769276125,0.494227904706019,0.494227904706019,0.613345615974919,0.613345615974919,1
0.457370002858675,-1.20834981182122,0.59359908740658,0.59359908740658,0.410160386204318,0.410160386204318,1
0.349795851829676,0.820388083050314,0.572970293085246,0.572970293085246,0.728394506497188,0.728394506497188,1
0.798954189259115,0.262327670239904,0.659102462123201,0.659102462123201,0.64085541877672,0.64085541877672,1
0.540251144634234,0.0424296433323161,0.609492664166897,0.609492664166897,0.606361532048437,0.606361532048437,1
-0.0929543203375358,-0.520601949796393,0.488066976163781,0.488066976163781,0.518042649560291,0.518042649560291,1
0.347706730077545,-0.786821013290386,0.572569675813116,0.572569675813116,0.476282701323327,0.476282701323327,1
-0.366986903997164,-0.457261395841646,0.435517532346796,0.435517532346796,0.527978445365953,0.527978445365953,1
0.771935338177499,-0.869262808576519,0.653921233022809,0.653921233022809,0.46335062554135,0.46335062554135,1
0.0048673454575683,-0.628835849271507,0.506825599908936,0.506825599908936,0.501064744295939,0.501064744295939,1
-0.058139503187606,-0.2549408081346,0.494743186902615,0.494743186902615,0.559715080447719,0.559715080447719,1
-0.0441973564774285,-1.23392329554903,0.497416781573184,0.497416781573184,0.406148850205747,0.406148850205747,1
0.0912316857996309,-1.6486494996648,0.523387126972569,0.523387126972569,0.341093611151546,0.341093611151546,1
-0.215329275625104,-0.45009006853937,0.464599928006188,0.464599928006188,0.529103362015433,0.529103362015433,1
0.461559359504305,0.0385468681577452,0.594402453045581,0.594402453045581,0.605752467888351,0.605752467888351,1
0.322508240609376,-1.6207003330238,0.567737525603471,0.567737525603471,0.345477804142372,0.345477804142372,1
0.553642444993442,-1.60183066796417,0.612060626620357,0.612060626620357,0.34843775834624,0.34843775834624,1
-1.19211017309776,-0.750172850601652,0.277289016990588,0.277289016990588,0.482031445822595,0.482031445822595,1
-0.869268887046303,0.325958056841395,0.339198187778236,0.339198187778236,0.650836678630548,0.650836678630548,1
-0.478243882654661,-0.112598275258642,0.414182506157095,0.414182506157095,0.582043371768421,0.582043371768421,1
-0.201144839798064,-0.163875846376849,0.467319984882689,0.467319984882689,0.57399981287557,0.57399981287557,1
-0.348961130533014,-1.32787435315075,0.438974217523653,0.438974217523653,0.391411395829778,0.391411395829778,1
-0.465865343507048,-0.0904566831015054,0.416556257989037,0.416556257989037,0.585516570607868,0.585516570607868,1
-0.466859989823895,-1.54081131884562,0.416365521142904,0.416365521142904,0.358009442759822,0.358009442759822,1
-0.305926059155614,-1.75795935616967,0.447226772877857,0.447226772877857,0.32394692792938,0.32394692792938,1
0.245387896082794,0.0768289227231307,0.552948659411997,0.552948659411997,0.611757509736495,0.611757509736495,1
-0.624806705294167,-0.262947016377447,0.386077108210989,0.386077108210989,0.558459201783706,0.558459201783706,1
1.25511241859634,-0.729687897288476,0.746576954842598,0.746576954842598,0.485244779153301,0.485244779153301,1
0.90150685562654,-0.352467793403076,0.678768319035497,0.678768319035497,0.544416694963726,0.544416694963726,1
-0.334515627935967,-0.441669004525074,0.441744337474332,0.441744337474332,0.530424316242834,0.530424316242834,1
1.03379096537816,-1.08774805930632,0.704135581207162,0.704135581207162,0.429078351267414,0.429078351267414,1
0.504241130844458,0.332850740080191,0.602587258352656,0.602587258352656,0.651917886307745,0.651917886307745,1
-0.283638702161318,-0.320592099484847,0.451500674172951,0.451500674172951,0.5494168152052,0.5494168152052,1
-0.843875589835304,-1.81803841763613,0.344067694999957,0.344067694999957,0.314522739954121,0.314522739954121,1
0.788858372392121,-1.65849373419325,0.657166453075833,0.657166453075833,0.339549413981947,0.339549413981947,1
0.173240371497353,-1.25387075993924,0.539113398513073,0.539113398513073,0.40301982905504,0.40301982905504,1
0.379107299886749,-2.06565946967038,0.578591158576128,0.578591158576128,0.275680133494549,0.275680133494549,1
1.28210249295,-0.647773234670038,0.751752665617289,0.751752665617289,0.49809416726961,0.49809416726961,1
0.551361600565674,-1.56181701387734,0.611623243939394,0.611623243939394,0.354714424267557,0.354714424267557,1
-0.323060283739034,-0.067456606253791,0.443941054223274,0.443941054223274,0.589124434019304,0.589124434019304,1
0.159483153262248,-0.830476330427391,0.536475266371745,0.536475266371745,0.4694347928378,0.4694347928378,1
0.686610744577315,-0.0956031281469874,0.637559091420082,0.637559091420082,0.58470928327133,0.58470928327133,1
-0.955401387807671,-0.848626619605766,0.322681119081041,0.322681119081041,0.466587682166509,0.466587682166509,1
1.06087313875938,0.23753708817177,0.709328953212536,0.709328953212536,0.636966691161416,0.636966691161416,1
-0.465080587775944,-1.21069201806291,0.416706745484542,0.416706745484542,0.409792980466617,0.409792980466617,1
-0.540372858516274,-0.979797798188432,0.402268437096965,0.402268437096965,0.446011764139071,0.446011764139071,1
0.653664276397142,-0.912162322560064,0.631241161794777,0.631241161794777,0.456621274683333,0.456621274683333,1
0.0416177707136072,-1.9420346428087,0.513872989607824,0.513872989607824,0.295072307378685,0.295072307378685,1
0.298158816786183,0.585334898022969,0.563068195182669,0.563068195182669,0.69152333464778,0.69152333464778,1
-0.79163946512816,-0.736542939062906,0.354084676425511,0.354084676425511,0.484169476032987,0.484169476032987,1
0.107281344231353,-0.990178426482549,0.52646486543993,0.52646486543993,0.444383426579243,0.444383426579243,1
0.207656651996732,-0.0644909494302253,0.545713184474067,0.545713184474067,0.589589636149517,0.589589636149517,1
-0.835990936293834,-0.94654904741152,0.345579683657512,0.345579683657512,0.451227266339269,0.451227266339269,1
0.755212204331242,0.234531577588496,0.650714346561492,0.650714346561492,0.63649523744681,0.63649523744681,1
1.23402345097336,-0.414331803276218,0.742532860872231,0.742532860872231,0.534712514443642,0.534712514443642,1
0.920066178478436,0.226566666235861,0.682327319503479,0.682327319503479,0.635245836741118,0.635245836741118,1
0.0116926439136147,-0.230779838880171,0.508134442941251,0.508134442941251,0.563505045043709,0.563505045043709,1
0.0845611287173637,-1.35077094743247,0.522107957685686,0.522107957685686,0.387819765014696,0.387819765014696,1
-1.47772605289212,1.20247516396473,0.22251831991489,0.22251831991489,0.788329871424045,0.788329871424045,2
-1.87692361781864,1.04247025875119,0.145966802829465,0.145966802829465,0.763231005581447,0.763231005581447,2
-1.39960313955644,1.05756245699307,0.237499442197238,0.237499442197238,0.765598414620797,0.765598414620797,2
-1.60543407082568,0.702474761735707,0.198028585067469,0.198028585067469,0.709898257092954,0.709898257092954,2
-1.27358728038574,0.450940897088851,0.261664682779595,0.261664682779595,0.670441874707576,0.670441874707576,2
-1.57929191905583,0.861207163241042,0.203041695250713,0.203041695250713,0.734797514055975,0.734797514055975,2
-1.03983197144894,0.57748487470789,0.306490415945523,0.306490415945523,0.690291955636096,0.690291955636096,2
-1.15566555363689,0.883953091987528,0.284277764303824,0.284277764303824,0.738365511007765,0.738365511007765,2
-1.56746496529102,0.912331331940524,0.205309673146224,0.205309673146224,0.742817009769498,0.742817009769498,2
-1.55490417690371,0.963141833485726,0.20771837372789,0.20771837372789,0.750787302680057,0.750787302680057,2
-1.39282837475919,0.985613230943087,0.238798594718926,0.238798594718926,0.754312235802109,0.754312235802109,2
-1.50118590143212,0.757970028964996,0.218019577552416,0.218019577552416,0.718603416883075,0.718603416883075,2
-1.5156566779246,1.09321960076857,0.215244610991418,0.215244610991418,0.771191704818726,0.771191704818726,2
-1.57463311442903,1.15166495708461,0.203935083871588,0.203935083871588,0.780359624735566,0.780359624735566,2
-1.27831957127461,0.757782490569036,0.260757202176854,0.260757202176854,0.718573999028452,0.718573999028452,2
-1.10947645943267,0.732763704635157,0.293135146073639,0.293135146073639,0.714649474646771,0.714649474646771,2
-1.57431469722879,1.39469041778146,0.203996144664254,0.203996144664254,0.818481352480257,0.818481352480257,2
-1.17611239383397,0.74219550307136,0.2803568069278,0.2803568069278,0.716128975811368,0.716128975811368,2
-1.47809304795572,0.465735179390008,0.222447943661752,0.222447943661752,0.672762551728188,0.672762551728188,2
-1.65795347734016,1.18951436376224,0.187957280534713,0.187957280534713,0.786296800093758,0.786296800093758,2
-1.13991863057812,1.24238363843172,0.287297449180405,0.287297449180405,0.794590038543878,0.794590038543878,2
-1.22347013246992,0.972019939128192,0.271275321826597,0.271275321826597,0.752179949875212,0.752179949875212,2
-1.32084530052138,0.878874200452062,0.252602320045738,0.252602320045738,0.737568820324391,0.737568820324391,2
-1.54710952856703,0.98584417710518,0.209213102673519,0.209213102673519,0.754348462733599,0.754348462733599,2
-1.2026056245603,1.18327534836675,0.27527637261962,0.27527637261962,0.785318128782448,0.785318128782448,2
-1.57998851445404,0.672409782455727,0.202908113688066,0.202908113688066,0.705182171167328,0.705182171167328,2
-1.39929210488557,1.4369260043312,0.237559087290327,0.237559087290327,0.825106557621191,0.825106557621191,2
-1.61373588951091,0.833881999196188,0.196436599367258,0.196436599367258,0.730511204048332,0.730511204048332,2
-1.32679418298536,1.26632490442694,0.251461541600196,0.251461541600196,0.798345539805005,0.798345539805005,2
-1.44250301835826,0.875256757699023,0.229272811842754,0.229272811842754,0.737001377031133,0.737001377031133,2
-1.08242542768634,1.0278000654234,0.298322546250514,0.298322546250514,0.760929793542181,0.760929793542181,2
-1.5796776098462,1.26704190323122,0.202967733839816,0.202967733839816,0.798458010461913,0.798458010461913,2
-1.36577260907828,1.2975988741644,0.243986902691603,0.243986902691603,0.80325127172465,0.80325127172465,2
-1.16574216491553,0.325226000310738,0.282345438187051,0.282345438187051,0.650721845971963,0.650721845971963,2
-1.27938008846215,0.789359623547753,0.260553833702859,0.260553833702859,0.723527286074677,0.723527286074677,2
-1.23659826635384,0.794724861633472,0.26875782509412,0.26875782509412,0.724368893966306,0.724368893966306,2
-1.04040272872907,1.21285574546698,0.306380965539206,0.306380965539206,0.789958201643956,0.789958201643956,2
-1.25773601357366,1.03156343050446,0.264704376978166,0.264704376978166,0.761520126664532,0.761520126664532,2
-1.68385833612789,0.817200482425872,0.182989674481181,0.182989674481181,0.727894489573795,0.727894489573795,2
-1.50637426230351,0.874151231326978,0.217024639379473,0.217024639379473,0.736827960734549,0.736827960734549,2
-1.68993711292868,1.11131525034667,0.18182398704466,0.18182398704466,0.7740302445528,0.7740302445528,2
-1.03947262438459,0.85482209888494,0.306559325591655,0.306559325591655,0.733795933051591,0.733795933051591,2
-1.41118851484422,0.881892042101626,0.235277790232886,0.235277790232886,0.738042208328312,0.738042208328312,2
-1.02148327573094,1.20406627703566,0.310009025819834,0.310009025819834,0.788579458356736,0.788579458356736,2
-1.54120404879243,0.559643003455843,0.210345558067994,0.210345558067994,0.687493224357587,0.687493224357587,2
-1.31297023222758,1.05788745512099,0.254112470602774,0.254112470602774,0.765649394835439,0.765649394835439,2
-1.1876254316855,0.812186226007984,0.27814902664247,0.27814902664247,0.727107937755493,0.727107937755493,2
-1.25054705972166,1.22330153635715,0.266082955837305,0.266082955837305,0.791596760810766,0.791596760810766,2
-1.07195721863843,0.788914010190677,0.300329966521056,0.300329966521056,0.723457385780983,0.723457385780983,2
-1.69151442366048,0.700151558653299,0.181521516438516,0.181521516438516,0.709533832249774,0.709533832249774,2
-1.32775326479103,0.919040941446342,0.251277624728744,0.251277624728744,0.743869499932959,0.743869499932959,2
-1.02224655480267,1.13366487956876,0.309862656763423,0.309862656763423,0.777536076731685,0.777536076731685,2
-1.43482081046868,0.52723809047822,0.230745978816159,0.230745978816159,0.682410089172569,0.682410089172569,2
-1.51328814878131,1.03465253036492,0.215698808399192,0.215698808399192,0.76200469245249,0.76200469245249,2
-1.68110348106906,1.26502285983034,0.18351795509367,0.18351795509367,0.798141297050024,0.798141297050024,2
-1.56251774160002,1.08024248012717,0.206258370012592,0.206258370012592,0.769156073413757,0.769156073413757,2
-1.10105343961659,0.949737980678894,0.294750373725342,0.294750373725342,0.748684732743694,0.748684732743694,2
-0.927067689902767,1.34347821318861,0.328114487793247,0.328114487793247,0.81044804718337,0.81044804718337,2
-1.55218744670643,0.886489646411906,0.208239343383985,0.208239343383985,0.738763402804363,0.738763402804363,2
-1.43579718533391,0.606944381885615,0.230558745767301,0.230558745767301,0.694913065329302,0.694913065329302,2
-1.36362515988968,1.05688812965277,0.244398705036343,0.244398705036343,0.765492637542115,0.765492637542115,2
-1.14308066996971,1.0308580650006,0.28669108548038,0.28669108548038,0.76140948084322,0.76140948084322,2
-1.06593997416877,0.661329911923492,0.30148385430319,0.30148385430319,0.703444148300649,0.703444148300649,2
-1.31968677163482,1.12083413989617,0.25282448358491,0.25282448358491,0.775523407099627,0.775523407099627,2
-0.958506325467528,1.02246432270524,0.322085705408211,0.322085705408211,0.760092812385416,0.760092812385416,2
-1.30422721849546,0.954548336999219,0.255789061403661,0.255789061403661,0.749439300160098,0.749439300160098,2
-1.74138669890272,0.874378114099753,0.171957835029292,0.171957835029292,0.736863550270184,0.736863550270184,2
-1.65758506034034,0.795247048380903,0.1880279294633,0.1880279294633,0.724450805799578,0.724450805799578,2
-1.75480555092968,0.737676945250774,0.169384589171949,0.169384589171949,0.71542018081293,0.71542018081293,2
-1.64937813814852,0.524906365629477,0.189601717481023,0.189601717481023,0.682044327578683,0.682044327578683,2
-1.31308664874673,1.22344879534171,0.254090146165108,0.254090146165108,0.791619860311951,0.791619860311951,2
-1.29494788225806,0.916328417778994,0.257568499278364,0.257568499278364,0.743444005054969,0.743444005054969,2
-1.50592811520129,0.826738851249728,0.217110194103547,0.217110194103547,0.729390707700031,0.729390707700031,2
-1.44587404650463,1.06495072930017,0.228626371730351,0.228626371730351,0.7667573619368,0.7667573619368,2
-1.32112767924427,1.21189365314507,0.252548170117158,0.252548170117158,0.789807284857476,0.789807284857476,2
-1.03517328517885,0.649043187664183,0.307383781869902,0.307383781869902,0.701516814614111,0.701516814614111,2
-1.16792144178384,1.07864436705227,0.281927532455464,0.281927532455464,0.768905388438727,0.768905388438727,2
-1.23282857401867,1.5151425826454,0.269480714441544,0.269480714441544,0.837375852760332,0.837375852760332,2
-1.28841210727868,0.802124528263502,0.258821822279201,0.258821822279201,0.725529628631154,0.725529628631154,2
-1.37542768525627,1.40444542458606,0.242135411615658,0.242135411615658,0.820011553112265,0.820011553112265,2
-1.26705921695231,0.662755713882893,0.26291652698749,0.26291652698749,0.703667804019512,0.703667804019512,2
-1.30996667315106,1.03090188119036,0.254688443564948,0.254688443564948,0.761416353986683,0.761416353986683,2
-1.3998601827592,0.809640361836783,0.237450150696346,0.237450150696346,0.726708585603125,0.726708585603125,2
-1.0528135936866,1.28265245746214,0.304001014797232,0.304001014797232,0.800906730429889,0.800906730429889,2
-1.29291630135776,0.76008812593482,0.257958082316097,0.257958082316097,0.718935668145099,0.718935668145099,2
-1.24917601774986,0.970884298493842,0.266345871626754,0.266345871626754,0.752001809762014,0.752001809762014,2
-1.0807520908137,0.64070523820348,0.298643431164277,0.298643431164277,0.700208897993447,0.700208897993447,2
-1.28618724284778,1.12619008663754,0.259248470040756,0.259248470040756,0.776363557522156,0.776363557522156,2
-1.56389849805517,0.894627817253628,0.205993591339939,0.205993591339939,0.740039981531046,0.740039981531046,2
-1.50189859891806,0.896374796803636,0.217882908197278,0.217882908197278,0.740314018163216,0.740314018163216,2
-0.980032985876067,0.956804524368033,0.317957677943014,0.317957677943014,0.749793212710529,0.749793212710529,2
-1.52304100077782,1.24081956493249,0.213828567491335,0.213828567491335,0.794344693122293,0.794344693122293,2
-1.30433932621547,0.602013784752749,0.255767563236344,0.255767563236344,0.694139636565999,0.694139636565999,2
-1.32281963976262,1.2411338999141,0.252223713868152,0.252223713868152,0.794394000682724,0.794394000682724,2
-1.07254254066167,0.914071507109008,0.300217723128813,0.300217723128813,0.743089979045272,0.743089979045272,2
-1.61034598116904,1.24803438446124,0.197086660011787,0.197086660011787,0.795476432097352,0.795476432097352,2
-0.975836202471274,1.0661467829717,0.31876246776325,0.31876246776325,0.766944978626439,0.766944978626439,2
-1.48976118067519,1.55022760142961,0.220210421843717,0.220210421843717,0.842879397657125,0.842879397657125,2
-0.779138536532112,1.16663115684109,0.356481898084867,0.356481898084867,0.782707269261588,0.782707269261588,2
-1.69437892584406,1.1576514947383,0.180972209511037,0.180972209511037,0.781298691604991,0.781298691604991,2
1.73081706690503,0.982576521012108,0.837799737023952,0.837799737023952,0.753835888061027,0.753835888061027,3
1.16581962481968,1.14671825871944,0.729453857336586,0.729453857336586,0.779583670283009,0.779583670283009,3
0.911330780381042,0.752650217858513,0.680652189103263,0.680652189103263,0.717768934808345,0.717768934808345,3
1.34534872173372,0.36670397053223,0.763880982993717,0.763880982993717,0.657228209065165,0.657228209065165,3
1.43402220184516,0.379742637338894,0.780885318751688,0.780885318751688,0.659273494792562,0.659273494792562,3
1.69626910715343,0.806529623296457,0.831174699790377,0.831174699790377,0.726220625504709,0.726220625504709,3
1.23790824128756,0.538029883343288,0.743277821809469,0.743277821809469,0.684102923282623,0.684102923282623,3
0.911519201250545,0.942420333958914,0.680688321346238,0.680688321346238,0.747536863976401,0.747536863976401,3
1.79766502597031,1.27100943616857,0.850618734758705,0.850618734758705,0.799080369987628,0.799080369987628,3
1.30894503232475,1.24661543712223,0.75690008456996,0.75690008456996,0.79525385161551,0.79525385161551,3
1.34122365066763,0.545613673597515,0.763089944981619,0.763089944981619,0.685292540150401,0.685292540150401,3
1.05776604598317,1.05715960741112,0.70873312626708,0.70873312626708,0.765535222385543,0.765535222385543,3
1.02864445877579,1.27461907987063,0.703148669154795,0.703148669154795,0.799646589897552,0.799646589897552,3
0.989733282448415,1.01554811708511,0.695686926295749,0.695686926295749,0.759007914914505,0.759007914914505,3
1.3784059862332,0.955116489558109,0.770220159307569,0.770220159307569,0.749528422333163,0.749528422333163,3
1.02458985852226,1.07876929976634,0.70237114487145,0.70237114487145,0.768924985771856,0.768924985771856,3
1.29070491497342,1.27284286759853,0.753402296061862,0.753402296061862,0.799367967729901,0.799367967729901,3
0.956376859545997,0.861709401097314,0.68929038232336,0.68929038232336,0.734876296644289,0.734876296644289,3
1.35174886220445,0.47829786152661,0.765108296248207,0.765108296248207,0.67473317302351,0.67473317302351,3
1.03942125115773,0.49163741760541,0.705215264441527,0.705215264441527,0.676825657175635,0.676825657175635,3
1.072797535988,1.38834975193076,0.711615617206461,0.711615617206461,0.817486735963175,0.817486735963175,3
1.07142267613486,0.91090988166674,0.711351969286773,0.711351969286773,0.742594036669542,0.742594036669542,3
1.04574212060572,1.25154051352911,0.706427376408271,0.706427376408271,0.796026414380607,0.796026414380607,3
1.5028258353685,0.686152870012805,0.794079343440119,0.794079343440119,0.707337954519081,0.707337954519081,3
1.65736914019926,0.508515664739505,0.823715106479824,0.823715106479824,0.679473231385385,0.679473231385385,3
1.52569991883238,0.640306501407399,0.798465757448984,0.798465757448984,0.700146350902544,0.700146350902544,3
1.35940134286489,1.00063388979848,0.766575762624489,0.766575762624489,0.756668422951345,0.756668422951345,3
1.14712601018391,0.413737947026538,0.725869104607841,0.725869104607841,0.664606104539676,0.664606104539676,3
1.29450223047435,0.791478957064451,0.754130482523876,0.754130482523876,0.72385973130528,0.72385973130528,3
1.24625390901615,0.891010889221825,0.744878216155141,0.744878216155141,0.739472618978558,0.739472618978558,3
1.46696417359338,1.38732133669096,0.787202386125523,0.787202386125523,0.817325415558031,0.817325415558031,3
1.44553205874799,0.84117888467612,0.783092489047205,0.783092489047205,0.7316558161431,0.7316558161431,3
1.35221199211162,1.08112355287186,0.765197107654178,0.765197107654178,0.769294281217994,0.769294281217994,3
1.28344787991536,0.560604753537827,0.752010661713244,0.752010661713244,0.68764408745925,0.68764408745925,3
1.51360287091502,1.52784800253485,0.796145985356938,0.796145985356938,0.839368864342405,0.839368864342405,3
0.756428044971008,1.16720222904215,0.650947500402311,0.650947500402311,0.782796849418782,0.782796849418782,3
1.53999001386537,0.719465335169291,0.80120607590326,0.80120607590326,0.712563451154531,0.712563451154531,3
1.56600862279654,0.798443453499457,0.806195495080955,0.806195495080955,0.724952203823233,0.724952203823233,3
1.15582476227714,0.628783876758113,0.727537207642511,0.727537207642511,0.698338876251432,0.698338876251432,3
1.39228304403853,0.924540254715693,0.772881272302774,0.772881272302774,0.744732139273857,0.744732139273857,3
1.43072175327918,0.793310529232492,0.780252413225738,0.780252413225738,0.724147037397961,0.724147037397961,3
1.37677048660281,1.23364064464069,0.769906530195322,0.769906530195322,0.79321858541292,0.79321858541292,3
1.59834151739983,0.682832660263532,0.812395763697574,0.812395763697574,0.706817136116951,0.706817136116951,3
1.17077752287122,0.768945043266609,0.730404601155552,0.730404601155552,0.720324991676105,0.720324991676105,3
1.04154467177763,1.11412395752598,0.705622458984143,0.705622458984143,0.774470827074884,0.774470827074884,3
1.29349966371539,0.609886716299983,0.753938226826144,0.753938226826144,0.695374609034051,0.695374609034051,3
1.20093723537992,1.40684263951241,0.736188132795648,0.736188132795648,0.820387587682906,0.820387587682906,3
1.07168015245849,0.826911397950229,0.711401343844434,0.711401343844434,0.729417773910793,0.729417773910793,3
1.16027388162042,0.894978792482259,0.728390386282229,0.728390386282229,0.7400950365943,0.7400950365943,3
1.63759140320447,0.400225123922947,0.819922458667089,0.819922458667089,0.662486441184486,0.662486441184486,3
0.977250443010198,0.94774455663817,0.693293173476377,0.693293173476377,0.748372038064123,0.748372038064123,3
1.47485930811825,0.354649965619598,0.788716384653004,0.788716384653004,0.655337380457351,0.655337380457351,3
1.31851186904655,0.731071483618914,0.758734654540088,0.758734654540088,0.714384027608094,0.714384027608094,3
1.23982354734864,0.901431311536044,0.743645107578573,0.743645107578573,0.741107198751839,0.741107198751839,3
1.74216752987891,0.892786920811071,0.839976341383833,0.839976341383833,0.739751212803735,0.739751212803735,3
1.11420788592469,1.00743312294138,0.719556610311656,0.719556610311656,0.757734971756574,0.757734971756574,3
1.21407022543574,0.725163935317986,0.73870656076458,0.73870656076458,0.713457351253605,0.713457351253605,3
1.31766272653078,0.903942709273172,0.758571820010234,0.758571820010234,0.741501144392427,0.741501144392427,3
1.14789515625953,0.766334755318977,0.72601659874138,0.72601659874138,0.719915533810293,0.719915533810293,3
1.33056864789057,1.06404817027529,0.761046704494208,0.761046704494208,0.766615783727992,0.766615783727992,3
1.24500691498487,1.08910113028985,0.744639088231331,0.744639088231331,0.770545668761993,0.770545668761993,3
1.55579916661326,1.2349709793322,0.804237694162025,0.804237694162025,0.793427265839956,0.793427265839956,3
1.76124268348124,0.789243593059944,0.843634259355262,0.843634259355262,0.723509085172378,0.723509085172378,3
1.33333111692315,1.10800104557322,0.761576445188856,0.761576445188856,0.773510368109808,0.773510368109808,3
1.24557049907287,1.35911056542195,0.74474716308131,0.74474716308131,0.812900186453634,0.812900186453634,3
1.00574128784205,0.634805558398658,0.698756677231279,0.698756677231279,0.699283455915669,0.699283455915669,3
1.72440354967478,0.891359759635916,0.836569858595413,0.836569858595413,0.739527343874073,0.739527343874073,3
1.04110641193569,1.29766952397512,0.705538416748604,0.705538416748604,0.803262354073149,0.803262354073149,3
1.22376594157145,0.779631423912325,0.740565845100533,0.740565845100533,0.722001290498393,0.722001290498393,3
1.30849406631289,0.967941773900984,0.756813605754971,0.756813605754971,0.751540236225277,0.751540236225277,3
0.885298581942501,1.01327601986909,0.675660163954247,0.675660163954247,0.758651506696081,0.758651506696081,3
1.06288672936397,0.718702622966081,0.70971508636843,0.70971508636843,0.712443809752042,0.712443809752042,3
0.843964764088148,0.628146630316219,0.667733846908035,0.667733846908035,0.698238915797517,0.698238915797517,3
0.854377383667452,0.607665820989244,0.669730607148233,0.669730607148233,0.695026232505341,0.695026232505341,3
0.93544017517457,1.15627107463149,0.685275490720335,0.685275490720335,0.781082154624321,0.781082154624321,3
1.36338386016744,1.09840890891853,0.767339464029796,0.767339464029796,0.772005715794815,0.772005715794815,3
1.59454222503811,1.25385305887463,0.811667198145843,0.811667198145843,0.796389167418113,0.796389167418113,3
1.19680379700797,1.04136424242942,0.735395490239798,0.735395490239798,0.763057512429829,0.763057512429829,3
1.17123758500526,0.820964703849115,0.730492824274652,0.730492824274652,0.728484957024638,0.728484957024638,3
1.19660628242208,1.36307402860987,0.735357614154059,0.735357614154059,0.813521907585826,0.813521907585826,3
1.68734092794461,1.12892743006829,0.829462601011989,0.829462601011989,0.776792945705235,0.776792945705235,3
1.26083644313167,0.76597940464297,0.747674613747643,0.747674613747643,0.719859792400789,0.719859792400789,3
0.974327920230593,0.448139088654963,0.69273274031708,0.69273274031708,0.670002374344103,0.670002374344103,3
1.28462566165352,0.38731054939373,0.752236517246377,0.752236517246377,0.660460620956722,0.660460620956722,3
1.33724190508759,1.29271356708128,0.762326391564511,0.762326391564511,0.802484947299062,0.802484947299062,3
0.8484116673651,1.16065265914013,0.668586600587145,0.668586600587145,0.781769463564092,0.781769463564092,3
1.37782360994716,0.672426464553867,0.770108480800164,0.770108480800164,0.705184787972998,0.705184787972998,3
1.46225285684116,0.576039818721247,0.786298927596365,0.786298927596365,0.690065279670785,0.690065279670785,3
0.923818687219017,1.04761621778284,0.683046913664883,0.683046913664883,0.764038216680348,0.764038216680348,3
0.723740541181182,1.04722651870417,0.644679230691529,0.644679230691529,0.763977087273837,0.763977087273837,3
1.23728840242509,1.1016504705394,0.743158959347772,0.743158959347772,0.772514197207519,0.772514197207519,3
1.16168052141951,0.426991095283094,0.728660128435171,0.728660128435171,0.666685034492726,0.666685034492726,3
1.04735108723409,1.19875673412792,0.706735917459528,0.706735917459528,0.787746586983518,0.787746586983518,3
1.21780819311389,1.18778741209054,0.739423366481146,0.739423366481146,0.786025905096715,0.786025905096715,3
1.27018128997966,0.848557082899858,0.749466614165472,0.749466614165472,0.732813183207132,0.732813183207132,3
1.66324484489782,0.724898513556738,0.824841852101892,0.824841852101892,0.713415716372672,0.713415716372672,3
1.65863923667966,1.06980626848395,0.823958664609837,0.823958664609837,0.767519016877344,0.767519016877344,3
1.61460726783179,0.725544299531345,0.815514940720432,0.815514940720432,0.713517016364182,0.713517016364182,3
1.4590848701986,0.524074530386768,0.785691423430753,0.785691423430753,0.681913843321766,0.681913843321766,3
1.05533442306974,1.02974083080592,0.708266829777928,0.708266829777928,0.761234228021253,0.761234228021253,3
-1.12087158208674,1.63238388456586,0.290949977617754,0.290949977617754,0.855766687117477,0.855766687117477,4
1.27331529488296,1.89542199220269,0.750067601874264,0.750067601874264,0.897027660749859,0.897027660749859,4
-2.42662093865925,-0.58946817865927,0.0405549277447862,0.0405549277447862,0.507240079245286,0.507240079245286,4
1.71706144698233,-2.93737336025985,0.835161911380585,0.835161911380585,0.1389403881484,0.1389403881484,4
-1.72687665501578,-1.50462263792241,0.174740331642783,0.174740331642783,0.36368611152382,0.36368611152382,4
-1.84803739966558,1.76510455230176,0.151506124751142,0.151506124751142,0.876585662820739,0.876585662820739,4
1.84819367529393,0.217562400107932,0.860308284750606,0.860308284750606,0.633833399620804,0.633833399620804,4
1.85744624781971,-0.0503655874790623,0.862082590322639,0.862082590322639,0.591805384248722,0.591805384248722,4
2.1387678845914,-0.486508886221579,0.916029808381927,0.916029808381927,0.523390593285425,0.523390593285425,4
-0.409706504728587,1.49213348181763,0.427325472743737,0.427325472743737,0.833766573819387,0.833766573819387,4
