labels	s1	s2	s3	s4	s5	sn1	sn2	sn3	sn4	sn5	ts1	ts2	ts3	ts4	ts5	
1	828.5	-56.04	-322.6	0	0	-5512.74	1880.68	15068.83	34717.6	58193.4	-5.68	1698.68	10472.07	13625.08	102444.65	
1	756.82	801.91	1210.96	0	0	-1476.1	4489.7	1082.74	2910.33	8778.66	-27.98	1154.92	-19165.73	-19509.77	-124947.45	
1	1295.54	-314.07	-845.16	0	0	-3366.74	8695.43	5435.14	13497.4	6658.08	23.76	-2682.8	-6091.9	-4247.89	-30842.38	
1	-858.21	156.6	1398.88	0	0	1735.93	-927.15	7253.91	3109.6	15400.78	-19.58	-1798.49	-17826.44	-17917.13	-110383.68	
1	150.96	-682.65	1398.08	0	0	-1160.31	-862.56	-6203.05	2236.48	33028.68	-3	-8031.41	-1966.29	-9557.59	-74976.1	
1	663.58	1292.65	874.85	0	0	5099.73	-18673.49	-17441.6	9618.28	42627.78	18.31	-2012.05	5361.74	-3260.18	-763.31	
1	670.36	1246.74	863.92	0	0	4324.3	-160.99	-14878.7	12094.23	42138.93	6.39	2390.29	6397.06	-3381.23	-785.11	
1	488.17	-6.09	-508.63	0	0	285.04	16617.19	21556.37	42366.14	61911.77	-4.34	6100.35	12102.86	14733.28	107801.09	
1	1855.92	738.75	591.93	0	0	-1056.05	-4658.05	-3205.85	15339.39	44348.55	-45.7	1325.59	5018.09	3102.67	8901.98	
1	-1728.37	-885.46	-548.29	0	0	3248.62	-6711.64	7562.57	30508.02	38797.5	-44.51	35572.4	-76285.7	6188.89	56495.24	
1	277.16	-238.65	224.04	0	0	-3647.4	-4809.67	-3464.3	24708.43	33674.84	18.98	-4178.12	-4218.71	1659.21	34846.32	
1	-153.01	-1042.02	-1214.01	0	0	1813.18	-6695.06	394.68	21927.66	28838.57	-41.39	-43074.81	7212.88	10350.59	58150.44	
1	-801.25	-229.52	377.22	0	0	-2214.91	553.35	2015.25	19731.97	20185.82	-1.29	329.53	-6823.41	-5099.64	21922.97	
1	518.79	1493.95	2133.56	0	0	-1408.49	-9163.27	498.6	150.23	11334.52	-8.12	-5.95	-10817.09	-18032.11	-97015.58	
1	2743.86	-472.83	-2148.91	0	0	-2223.02	184.28	-9292.42	13475.44	18574.16	-9.53	2947.39	23091.56	32000.12	203247.05	
1	-1714	-665.65	56.28	0	0	1519.67	92.52	20351.01	25303.61	49363.47	6.26	-221.74	8491.04	10373.57	92036.89	
1	4032.36	1210.35	-1955.38	0	0	-2541.62	2422.53	18232.74	53437.86	78856.44	5.66	2450.49	-48164.09	-180684.58	-378052.11	
1	977.48	-321.67	-1101.4	0	0	-3397.89	-621.19	-1385.06	34683.22	46484.59	-16.62	-2137.89	9287.15	14726.9	64728.01	
1	1675.04	1491.72	-1018.55	0	0	1451.9	5744.88	4217.39	36035.84	61556.7	-13.6	-900.76	13559.17	16468.03	123501.6	
1	104.64	479.34	434.85	0	0	-1477.29	-4057.62	-7730.12	17216.88	47861.92	-17.95	3304.06	6098.43	5743.44	6563.98	
1	1071.86	976.14	-492.39	0	0	876.99	3300.33	11843.62	31155.53	60702.36	-2.6	5645.89	16846.53	11786.53	119936.41	
1	1296.05	304.75	-925.04	0	0	-1263.5	640.98	23178.03	46267.8	68201.12	21.43	44255.19	18306.79	22198.48	145959.09	
1	2262.05	1152.18	298.39	0	0	601.35	3481.69	-10557.16	18826.39	49938.94	-7.7	183.16	9026.65	3213.27	7500.79	
1	-60.55	179.18	1414.16	0	0	-7901.23	2171.43	-2442.41	4658.25	16615.81	-32.65	18406.01	-12670.3	-16300.56	-108009.88	
1	1096.84	-554.26	-1158.71	0	0	1190.14	6139.44	-1698.18	28125.36	34700.74	-3.37	26434.25	9670.17	12699.39	59941.25	
1	-278.33	102.82	-957.78	0	0	5353.24	-14.85	17958.49	49739.49	70002.79	-15.38	-18027.76	19411.36	22709.75	145790.08	
1	-440.89	-79.88	538.33	0	0	2910.75	750.83	1591.69	14903.36	8574.33	-7.66	-3297.38	-14612.89	-5580.82	-50503.43	
1	-27.36	1298.85	1934.48	0	0	2525.2	2800.56	-4879.27	-3044.04	-208.8	3.66	-3180.61	-14202.75	-24403.24	-144337.28	
1	464.37	678.23	1552.49	0	0	-926.77	-6657	-10800.1	1220.96	25730.48	-6.15	-3278.93	-2905.99	-16740.67	-84235.74	
1	-1194.38	-663.94	-203.33	0	0	335.69	1566.73	18346.06	31967.28	57879.79	16.34	1305.75	15014.95	15176.39	102021.82	
1	-1574.86	-1619.37	1455.37	0	0	525.52	-2203.64	-3758.6	-290.88	34924.63	-11.23	-100.27	219.49	-6953.95	-72478.69	
1	-343.07	229.03	-1464.62	0	0	81.72	6204.67	18679.49	57826.85	79384.74	21.29	-14559.35	18654.31	24961.66	161241.3	
1	-1263.46	-1722.46	-1922.73	0	0	-2699.04	3774.37	1317.89	-34.71	2070.83	6.74	-1039.49	1378.27	4293.09	-15506.02	
1	-1465.35	1394.56	2587.79	0	0	-1264.59	-2238.59	-4967.66	-9907.35	-17180.51	10.38	-1589.16	-25769.76	-28863.62	-153708.78	
1	1873.8	335.83	-1055.19	0	0	-731.72	1238.31	16161.66	49850.07	72128.12	49.98	41437.99	17419.47	22247.44	149973.92	
1	1365.19	526.72	698.04	0	0	-1649.67	688.95	17390.14	13561.63	30764.09	-22.62	-3301.59	-3188.7	-6800.11	-103051.2	
1	2521.57	501.95	-1344.96	0	0	2302.58	741.6	22359.71	55064.97	77428.71	-4.67	21938.77	21255.28	26054.3	158566.25	
1	729.84	490.06	724.77	0	0	7407.82	-4666.51	8534.59	14186.85	32141.12	11.27	-1227.68	-4160.41	-667.05	-101703.96	
1	590.81	-218.22	58.72	0	0	-4177.74	-449.53	19075.09	26763.54	52406.97	-18.2	221.52	2953.53	9565.72	94972.9	
1	-1367.13	-1221.93	-965.44	0	0	177.49	-2521.39	4147.57	15065.97	9294.5	16.4	-6818.37	-5681.87	-4746.87	-28197.64	
1	-445.81	319.24	1060.91	0	0	-4534.43	-4773.29	749.53	7313.3	18207.71	-2.41	-2963.16	-11628.9	-11600.14	-113821.82	
1	1003.38	479.9	939.38	0	0	3699.91	5083.99	6285.16	12486.26	20077.3	-0.16	-6031.17	-11301.79	-13338.61	-115835.43	
1	-404.63	411.33	1915.33	0	0	4022.5	-4929.27	-11011.74	-6417.43	18456.96	-12.03	716.66	-7441.73	-14316.42	-90409.36	
1	359.9	1397.44	1937.01	0	0	-5195.21	6122.36	-6371.72	-4119.21	-5168.58	-6.1	-10064.09	-21088.06	-26529.59	-153396.68	
1	-1004.39	181.21	1458.86	0	0	5623.76	3348.41	-5048.05	4396.08	15073.86	8.87	-3477.43	-8798.52	-15974.3	-109443.84	
1	-2136.19	-994.58	-773.71	0	0	-3461.38	-8762.57	-72.02	32908.93	46434.7	4.69	-7266.04	6693.28	10372.6	68474.25	
1	274.13	1191.46	-1812.35	0	0	472.93	6962.69	21204.11	63712.43	86022.46	7.71	2802.41	20259.99	23127.29	164987.48	
1	-1186.73	-1109.24	-757.32	0	0	3088.83	9898.63	7975.28	16840.04	17986.22	-12.08	-6952.29	3951.47	-911.04	-23345.79	
1	-5020.72	201.28	-1459.49	0	0	233.92	13023.85	16672.25	57597.44	79332.06	-16.03	1749.97	29882.76	24004.33	161188.84	
1	1555.78	319.73	584.28	0	0	6679.44	12978.6	14469.76	16736.69	19541.38	-6.72	-1584.63	-7417.05	-9633.89	22179.65	
1	-2185.45	-932	-514.65	0	0	8049.96	1959.96	1545.59	31947.31	45422.96	13.69	-3582.99	4549.23	12458.67	69497.07	
1	338.27	608.41	972.94	0	0	207.16	-1738.95	-13460.49	5471.37	1465.96	0.72	-18047.08	-65666.24	-30698.89	-57510.23	
1	1518.69	1628.69	2124.01	0	0	-5928.35	-6001.73	-12454.17	-109.71	23242.32	12.65	-1213.22	-12120.46	-11951.17	-84842.95	
1	539.06	-761.73	-638.04	0	0	-1302.53	-3274.14	14901.82	17429.34	19558.89	17.36	3539.36	-11104.16	-3920.87	-22935.15	
1	2841.77	619.22	-1594.05	0	0	-2751.42	12168.67	17718.42	51369.78	69827.72	-1.46	5851.26	20490.33	26406.04	170378.67	
1	1112.08	1902.65	2314.43	0	0	-2501.85	-10734.26	-2409.48	-10943.82	-17021.71	-20.87	19.33	-25715.23	-32814.91	-159622.69	
1	-4776.71	-1815.28	1816.31	0	0	-3590.29	-14049.22	-9169.61	-897.47	26934.54	10.81	-604.22	-3825.59	-11479.33	-80858.11	
1	-303.15	1401.9	2218.51	0	0	26.99	4748.87	3249.74	-6647.51	-2788.6	-6.33	-972.01	-28706.45	-28460.1	-145205.14	
1	-908.17	-727.45	-222.63	0	0	6112.73	10703	11228.49	12793.72	6564.92	-4.31	-2823.22	-9077.67	-6379.94	-34500.22	
1	-2084.73	-946.31	-836.76	0	0	-2354.77	2792.62	9634.39	36158.13	51848.37	-13.56	589.3	11871.55	14362.51	72230.55	
1	-587.25	-538.17	-26.62	0	0	-1049.14	-10158.55	3548.11	17494.86	13877.73	20.63	-7429.22	-6256.02	-3681.35	-42989.41	
1	151.33	-642.19	-304.01	0	0	3291.67	7861.95	-1708.48	16607.37	17632.3	0.83	39251.48	-23931.47	-2168.25	-26679.1	
1	277.72	-1095.59	-2030.63	0	0	3431.27	5776.59	-13431.76	10492.2	16589.31	-9.94	28072.64	27931.6	33996	203528.11	
1	-1620.67	-1260.51	-990.57	0	0	1249.6	8484.68	8709.98	13669.9	5174.44	-19.58	4513.53	-8507.43	4835.52	-30711.81	
1	1526.88	511.69	707.77	0	0	2870.39	6454.1	-7680.68	12958.54	13737.41	-14.04	-2114.06	-5187.54	-8893.73	-58179.36	
1	1032.26	912.25	804.11	0	0	2404.88	2242.48	-13223.08	8046.3	40955.68	3.93	2673.07	5417.74	2284.04	-336.92	
1	185.82	27.88	1305.37	0	0	-1352.81	275.11	-12083.83	-1233.79	33522.02	25.56	2347.74	3278.94	-11748.19	-74801.02	
1	-486.81	-1236.79	1113.79	0	0	1079.54	-4972.3	-17639.17	4143.51	38062.47	10.51	-2168.17	4635.47	-5102.19	-4448.73	
1	-1330.63	1233.63	1884.12	0	0	-1104.6	-11059.91	-13486.82	-6202.03	-5893.09	14.55	5043.89	-27860.11	-29967.87	-155207.42	
1	829.68	909.8	-1644.23	0	0	-2907.41	-8845.3	20849.33	60059.96	83183.35	-30.83	10807.46	26355.51	25187.62	163794.74	
1	1064.3	819.57	1186.91	0	0	1697.12	8312.72	1881.6	7047.36	13315.14	8.01	-3985.23	9036.94	43474.89	-119984.57	
1	388.88	710.53	-1516.82	0	0	-4.63	11594.89	18330.39	53957.21	83270.69	-6.82	4679.95	19317.29	25861.53	160022.18	
1	878.05	1487.67	-1877.43	0	0	-768.82	7043.9	11232.95	48631.99	84420.13	0.55	-6029.93	19031.71	16532.69	136292.15	
1	-685.05	360.26	1078.65	0	0	668.09	-9675.32	11620.85	6960.27	16672.85	-18.04	-3288.56	-13056.72	-15912.2	-116272.35	
1	-1835.31	-825.4	-509.16	0	0	2755.68	2299.14	7541.1	37001.16	50195.7	12.32	-3307.75	9735.15	15215.98	73965.44	
1	-509.1	569.16	1118.57	0	0	970.97	2825.46	992.33	8525.49	5407.86	20.59	-4185.13	-4944.21	-22009.2	-127874.47	
1	801.62	-206.49	-455.8	0	0	375.87	12175.55	15363.95	38855.13	56871.71	25.62	32089.04	14154.23	-5155.58	82774.54	
1	225.34	251.7	-717.2	0	0	631.79	5236.78	9716.64	35901.79	63229.96	-1.29	3108.5	14227.46	14350.33	120852.75	
1	-1030.12	-493.85	-337.29	0	0	-53.57	8417.69	24482.49	41211.07	58203.67	4.31	-2238.84	17547.85	12503.95	103673.69	
1	1020.18	72.95	-376.42	0	0	-2530.54	13438.86	4508.61	8713.94	6101.86	-4.32	-1088.91	-15483.98	-4784.57	-33147.24	
1	-44.94	1926.13	2491.71	0	0	2153.16	-7226.73	6051.77	-9801.31	-11738.41	-17.63	106.33	-29265.37	-29632.5	-151450.31	
1	626.86	567.41	408.08	0	0	4019.06	8454.94	7914.17	14564.14	2590.27	-8.96	-3597.69	-11136.05	-6620.74	-36962.8	
1	30.47	-783.44	-1914.19	0	0	-1809.74	-4570.3	-11418.21	13812.15	21035.76	-3.9	-4513.21	25674.15	34588.8	202841.39	
1	-1588.5	-922.29	-572.9	0	0	5575.4	-1393.02	16458.83	39368.91	61972.57	-20.5	5860.88	14803.97	14452.13	115327.49	
1	1784.65	2231.95	-1508.71	0	0	-736.61	5605.04	16565.74	37253	66337.76	8.13	857.4	18868.73	14958.14	126397.11	
1	-1610.9	-567.78	-110.63	0	0	-939.08	8097.12	13394.28	33319.27	55336.26	-9.51	2788.8	19188.13	9905.63	98217.72	
1	-1336.34	-174.7	614.13	0	0	-2900.1	-4976.94	8583.42	10576.05	10395.24	-6.48	-30315.11	-15690.94	-3426.1	-53542.91	
1	1953.3	-533.28	-1991.38	0	0	-2584.5	-3743.31	-8014.75	13354.31	20529.75	2.4	-2552.17	37284.48	32706.74	202792.21	
1	675.46	116.85	417.68	0	0	-3066.72	11663.28	9039.68	16894.8	24996.6	4.04	-4357.48	5098.19	-3560.41	25329.48	
1	-1491.84	-556.22	-130.18	0	0	854.23	9960.98	27381.73	32939.83	56436.82	22	22924.35	-87067.33	5672.87	98798.9	
1	1778.05	197.18	-1462.66	0	0	4583.26	-3399.01	9425.55	57507.9	79137.61	21.7	-6490.95	22300.67	26328.31	161272.01	
1	-1427.15	-1931.69	1833.12	0	0	1374.49	-10825.03	-13980.84	1395.45	28017.54	-0.12	3658.75	1627.25	-13910.88	-79417.97	
1	1008.39	242.33	-794.69	0	0	2355.48	462.79	22728.28	46218.7	66854.16	-10	1615.16	17908.19	-591.92	141569.72	
1	-666.53	-434.72	119.69	0	0	3818.13	-5021.23	-3419.32	18331.36	13600.44	-39.2	5962.14	-140.27	-6186.31	-45176.41	
1	-836.46	-439.36	78.08	0	0	-7705.66	1652.06	-4956.5	24622.74	30990.28	12.38	-8422.42	-104	2710.32	29791.2	
1	1172.31	-166.29	120.8	0	0	-709.96	-6705.4	-5405.89	18751.86	23880.27	5.37	-11822.32	-4425.07	6969.3	24232.22	
1	1024.11	1015.01	1835.85	0	0	851.66	-1859.57	-9209.23	-532.36	20666.37	-5.11	366.79	-8639.89	-14795.5	-89346.06	
1	649.46	2021.5	2363.11	0	0	1944.61	-14853.29	-9239.99	-3011.18	2571.72	20.1	5964.45	-105511.74	-22204.98	-137677.51	
1	562.65	617.45	805.14	0	0	-4121.66	-1357.77	7837.22	4746.43	780.15	6.36	-4258.46	-14375.38	-10699.98	-48959.97	
1	115.68	-693.78	-1110.02	0	0	-3224.6	-2176.63	-1195.42	27179.08	36235.8	31.51	351.36	7246.44	11898.45	60051.73	
1	-922.1	189.21	825.84	0	0	2164.07	-3022.35	3149.79	5710.95	5510.34	-9.42	-4499.83	-14865.89	-4947.97	-55760.89	
1	457.75	63.69	521.88	0	0	-556.83	7740.12	13964.81	17999.84	31730.15	10.24	-3400.54	-2305.4	9246.37	37155.27	
1	199.21	-197.9	325.71	0	0	1451.91	-3666.67	4287.75	14694.43	11517.63	2.4	885.15	-6502.84	-4401.3	-47332.85	
1	-977.23	-794.76	-148.26	0	0	-3088.92	-6259.11	11369.43	14560.14	12074.43	6.54	-2488.82	-8169.01	318.76	-37835.98	
1	1878	1162.94	1680.23	0	0	-5108.85	2370.19	-14869.23	-2142.54	18771.69	-11.92	6782.12	-6847.04	-14202.16	-92109.71	
1	-673.97	-1339.37	-1359.59	0	0	2076.1	12084.46	8139.17	14763.89	16050.72	5.49	-3819.27	-550.09	3393.72	-18027.95	
1	98.92	1078.48	1316.51	0	0	3372.73	1512.42	669.16	-3277.76	-7726.92	-6.97	-1517.57	-22785.56	-22492.03	-178366.62	
1	-111.5	696.17	1160.61	0	0	4688.42	9604.2	200.89	5832	9061.37	-11.03	-497.24	-16473.06	-19190.03	-124803.17	
1	1719.56	257.46	-830.88	0	0	-4804.05	5438.73	12005.55	49178.27	66887.28	-26.49	-8482.56	13092.43	18072.66	143640.6	
1	1046	-646.02	-842.88	0	0	-4217.64	9958.67	2424.19	20704.28	24529.78	5.07	-3136.9	5772.69	6730.83	-19325.11	
1	-1829.33	-541.59	271.8	0	0	-4628.95	-248.54	10514.92	22848.12	40033.41	32.44	-1020.67	5265.37	3759.08	39840.47	
1	-1546.37	-1355.35	1100.75	0	0	-332.11	-14366.14	-10736.29	6189.67	39827.02	8.98	-3141.2	2463.98	-364.25	-3598	
1	1078.98	-95.42	-63.8	0	0	-2053.77	-4151.65	16918.47	31186.35	45946.38	-15.92	-4083.88	5706.34	6122.01	41846.67	
1	-170.59	89.39	-748.52	0	0	3735.08	12086.37	21586.02	43836.05	65448.89	19.09	-6462.41	7554.8	-110541.2	-358377.99	
1	-1806.61	-894.94	-814.95	0	0	-4572.93	-7364.32	13667.22	40968.38	56820.93	-12.01	-9094.12	15701.57	10949.65	74897.81	
1	222.43	-376.73	-193.93	0	0	-5434.36	6568.32	17407.46	36211.97	56469.78	-0.46	-15413.58	6869.75	11174.02	100606.99	
1	381.37	1144.93	1342.05	0	0	408.01	-3654.44	6706.22	-2069.15	-7684.44	-20.09	-2585.15	44119.51	-24133.92	-178746.93	
1	-1016.13	-705.93	1755.02	0	0	3371.45	-5690.8	-5624.5	134.55	21542.38	24.6	-4098.75	-3113.88	-17824.23	-88424.09	
1	-224.73	-704.33	-1121.11	0	0	-2615.79	-2458.63	617.94	30526.43	37676.81	7.45	-15636.48	18867.26	12569.81	60486.2	
1	2233.77	944.59	123.08	0	0	-4004.15	7263.61	3808.66	25754.92	51798.59	24.72	-2439.75	10097.34	4411.01	9658.37	
1	-4461.6	-1813.15	1807	0	0	-655.08	4111.91	-10733.08	1244.19	26627.76	-39.45	4835.09	-3283.46	-11929.39	-80673.77	
1	754.6	629.1	-1337.77	0	0	-5116.33	4405.63	19907.85	54311.17	80028.4	-9.19	-5031.51	24302.48	23830.27	155254.15	
1	1681.94	1226.91	-1840.52	0	0	-155.17	1502.32	27586.23	61040.26	85110.78	-12.79	-353.62	24157.6	26791.56	166225.61	
1	242.14	-28.6	-345.56	0	0	2277.77	-987.58	13154.63	11805.65	4257.12	7.95	-7137.06	-12444.87	-4105.05	-33198.18	
1	1640.06	1478.8	-1978.13	0	0	446.18	10587.42	20354.19	57955.14	86553.86	11.2	845	23774.04	27210.24	166545.05	
1	-1110.28	741.54	2162.37	0	0	-5935.13	2118.56	-1111.16	-5626.89	2917.8	-0.05	-6705.05	-18851.03	-15811.29	-138636.02	
1	-363.44	863.96	1468.9	0	0	-1818.42	-1782	-6409.95	3526.79	1680.16	-18.1	-1706.22	-21471.4	-29283.76	-151222.65	
1	2462.64	-217.77	-2015.9	0	0	-1113.96	6787.14	-4947.17	15545.95	25311.03	4.14	2311.19	31216.1	35117.34	200943.71	
1	-804.21	-288.73	372.97	0	0	5233.64	5333.28	-449.08	11138.86	11025.38	-6.78	-3874.38	-4991.56	-3925.89	-48455.87	
1	3011.78	571.32	-1596.28	0	0	2537.06	11863.33	15238.15	45280.14	68390.81	27.5	-2432.15	20128.5	27974.2	171113.37	
1	-1401.16	-916.18	559.42	0	0	-378.37	-105.76	-16951.98	14068.43	45910.76	9.6	2508.02	6700.26	-5158.63	4227.66	
1	-1149.42	-21.24	1364.25	0	0	3720.32	-5765.57	1697.14	1940.1	15879.3	8.35	-3295.48	-9793.67	-21522.09	-109171.74	
1	256.62	1857.98	2219.39	0	0	-3341.64	-6525.14	-19453.94	-13746.74	-30836.24	21.07	2521.78	-28814.64	-36471.76	-193329.38	
1	836.57	544.29	-1188.47	0	0	-1252.14	-2173.09	16721.86	39629.4	68741.73	-6.26	696.87	17749.07	16997.12	126711.56	
1	-501.18	1102.92	1993.96	0	0	4029.74	4698.93	7652.86	-1716.86	2838.2	-7.65	-6567.24	-18314.84	-26861.74	-139596.34	
1	1017.88	325.78	-1985.93	0	0	4299.79	8531.32	543.7	31063.96	44448.69	0.93	3104.08	23712.85	31284.18	193351.38	
1	-2209.51	-1376.09	-1211.09	0	0	1983.52	4999.51	13940.08	38768.12	66252.81	19.47	-3766.67	24624.07	16864.56	125245.3	
1	473.9	519.15	951.05	0	0	1264.34	9885.74	159.48	8195.55	17423.2	-19.35	-4846.34	-8232.7	-15795.63	-120078.68	
1	-1458.22	-910.13	-206.91	0	0	-1965.86	6853.18	12796.95	17400.69	11175.75	-10.1	-2821.62	-10000.79	-1371.64	-36109.56	
1	-156.95	515.54	1009.51	0	0	2026.9	-10522.08	-10448.25	2438.74	2672.62	6.39	-2821.99	-18140.82	-13323.73	-58864.13	
1	-143.49	-228.86	-600.7	0	0	-2692.32	2019.24	20194.91	42996.7	60921.04	2.51	-16445.64	40753.11	23729.04	106280.73	
1	677.11	-631.52	-1260.56	0	0	1515.79	1470.6	6296.51	12322.13	5529	-2.74	-3205.56	-8486.75	-1384.99	-28610.74	
1	1044.51	185.74	271.57	0	0	637.7	12496.96	6267.6	10359.32	4667.04	20.39	666.82	-10436.98	-13653.51	-38420.13	
1	307.7	-134.19	285.37	0	0	3210.12	-12318.88	-428.56	19920.73	32223.68	3.76	-19272.42	-613.84	1011.19	33086.85	
1	-1205.56	-1136.76	-702.19	0	0	-1485.53	4726.13	15558.32	14108.17	9614.41	4.53	-372.8	-8498.74	-2457.31	-29606.37	
1	1243.8	1253.54	1759.24	0	0	1701.08	-9420.2	-1971.29	20.67	14486.7	7.04	-2214.13	-10616.94	-25415.36	-97197.47	
1	-347.08	-372.16	585.91	0	0	2171.85	-2941.06	-10998.38	15207.25	46609.72	18.41	-663.22	6763.52	2014.2	3939.93	
1	383.6	1378.47	1531.61	0	0	-2902.59	4919.36	-10756.47	-2452.98	-10711.24	8.74	-9258.28	-22109.64	-24974.18	-181139.83	
1	542.11	-413.19	-182.42	0	0	261.45	8698.51	18152.25	32612.13	57208.41	36.55	-1259.62	15591.02	11506.43	101013.56	
1	-1508.79	-772.13	918.44	0	0	4584.28	12411.49	3692.39	8544.44	33510.37	-10.05	-2365.6	-659	-6410.78	-84060.65	
1	734.51	-1261.71	-1549.52	0	0	129.87	11794.81	3724.92	12160.85	11228.8	-13.1	2196.84	736.61	2504.22	-17504.29	
1	-962.59	-58.09	-1186.34	0	0	-1133.4	-138.87	17520.25	57462.12	75592.41	2.3	-3362.5	21355.4	24673.55	151779.09	
1	669.13	2.93	-499.78	0	0	1162.14	8463.62	27875.95	38030.22	62170.95	1.98	5394.92	18777.21	14186.66	107926.32	
1	-1316.06	-271.84	1258.85	0	0	-1032.79	466.1	-4628.81	8297.51	18996.03	7.85	-7198.38	1093.92	-10004.16	-106480.63	
1	1351.94	226.16	-319.19	0	0	1122.31	-5831.83	6111.76	17990.52	5322.92	-21.14	-4710.19	-9906.89	-1057.8	-33671.65	
1	596.23	-356.45	141.42	0	0	-611.41	13687.45	1324.11	19920.75	29716.42	5.04	-11372.51	-1120.16	714.03	28879.25	
1	-1444.04	-497.65	493.33	0	0	-262.69	2007.1	15605.25	10812.35	2634.13	5.08	-2811.5	-10257.06	-13686.07	-39085.77	
1	437.24	-509.12	-206.14	0	0	1174.61	-4820.89	-9455.98	21404.27	21146.48	-17	-4006.44	-2561.07	-972.6	-24135.35	
1	669.83	-30.63	210.66	0	0	3879.54	5101.82	2514.93	13587.62	7274.2	-1.09	-10303.5	-10424.71	-3425.56	-40510.2	
1	604.95	1338.99	1695.5	0	0	1148.29	3238.97	-5940.17	-5284.05	-3428.31	6.74	-602.07	-26932.29	-23546.78	-155818.43	
1	1355.81	598.89	-1713.06	0	0	4737.59	4814.38	12419.5	41979.4	65395.49	2.82	5497.18	21942.14	24713.53	173643.97	
1	-699.42	-50.41	1266.66	0	0	-6292.85	-7042.86	9413.72	1454.04	17064.2	8.93	2084.66	-13249.85	-17778.88	-108984.57	
1	-372.73	-202.36	206.69	0	0	-1554.8	-1981.85	5487.4	10183.23	6406.43	12.53	-4170.78	-7600.3	-9463.31	-39874.24	
1	1260.85	1511.17	1698.37	0	0	500.07	-9799.92	-16359.91	-7146.69	-13159.41	-38.49	-2620.59	-23816.13	-29305.95	-184502.69	
1	-1370.9	-596.93	185.89	0	0	-2713.39	-1068.75	2696.65	29281.94	48463.52	-22.59	-11189.43	5895.08	6504.9	91488	
1	-1176.1	-1485.65	-2051.1	0	0	-4035.7	-5290.34	10005.32	58975.87	86288.21	-3.93	3781.1	22353.14	24183.24	137765.75	
1	360.37	423.56	-1412.74	0	0	1643.3	-1923.77	17988.33	53369.7	76866.87	21.14	16368.42	21595.61	23556.99	161227.62	
1	1156.23	460.84	1176.95	0	0	1630.75	7064.94	11854.51	6048.37	17384.78	9.9	-2552.46	-10189.17	-19033.91	-111895.89	
1	873.94	1528.15	2038.94	0	0	660.74	-574.6	-14799.78	-1304.6	8047.93	-4.87	-1183.07	-12855.86	-22153.38	-133197.78	
1	-36.46	-60.78	298.26	0	0	978.03	-2536.05	9095.04	23112.09	49334.34	-4.59	-3885.21	10169	6299.04	91455.22	
1	-461.13	1413.27	2039.71	0	0	-2818.74	3849.3	-4144.92	-4094.84	-7187.48	19.4	287.51	-21272.83	-29382.84	-153953.54	
1	-1221	-56.78	742.81	0	0	-1700.31	-4589.6	-3221.79	12978.64	24065.27	30.23	-6345.14	-6939.75	-11869.25	-118629.33	
1	-743.54	-533.86	2030.79	0	0	-527.25	5477.52	307.9	-4351.81	14526.39	12.01	-562.76	-8024.65	-23225.81	-94477.66	
1	633.79	-99.64	357.31	0	0	-2271.4	12578.43	1739.79	19607.24	34026.47	-6.55	-2891.77	2359.22	882.94	36719.94	
1	22.86	1191	1735.7	0	0	788.52	8657.98	1485.05	-1490.27	-2080.33	-7.3	-1677.66	9107.65	-24998.35	-151208.95	
1	-1398.39	-754.01	-271.45	0	0	6888.62	-641.22	1980.07	23962.99	31310.08	-3.14	-8993.73	1833.04	2427.61	48368.25	
1	443.76	438.29	1437.23	0	0	-1653.69	1295.34	3526.75	4898.88	14468.47	-2.67	-2238.89	-12814.14	-18091.96	-111461.75	
1	-221.64	-822.79	-696.43	0	0	1735.22	2740.74	11317.85	24282.08	23440.99	-1.24	-8597.28	-388.37	5352.76	-20799.59	
1	2490.5	460.44	-1290.64	0	0	-3310.47	-860.52	17403.46	53445.99	75218.04	8.18	310.66	17071.89	14849.93	157504.59	
1	-1198.59	-751.93	-405.45	0	0	3811.19	-802.04	5859.32	35780.62	50251.78	-12.66	-3941.56	8876.93	17619.36	75500.92	
1	1244.91	-349.4	-1483.46	0	0	-3115.22	-6820.4	-3090.66	24058.19	29757.64	20.85	-112.28	15268.51	16505.68	60724.65	
1	-121.85	-25.05	-759.48	0	0	418.57	-1613.71	29532.71	40898.32	65590.14	-5.03	12846.49	16838.77	18529.28	114387.02	
1	-998.89	574.89	1597.63	0	0	-2063.64	343.41	2178.2	-8410.15	-14791.15	7.52	-3908.84	-17857.51	-24662.29	-178371.61	
1	331.04	-764.79	-661.77	0	0	1328.1	-3369.64	8903.61	27731.65	33921.19	9.57	-5617.39	4774.25	7072.43	55068.93	
1	-1056.39	-514.71	-17.91	0	0	-172.98	12857.86	11382.14	28882.11	52885.8	-4.48	919.42	11039.74	8542.26	96028.6	
1	2776.74	1397.12	992.28	0	0	-339.63	-2225.89	-14089.02	9006.71	40997.75	-14.81	-292.09	2719.51	-2734.89	-2516.85	
1	584.1	654.25	1181.77	0	0	8639.6	2085.3	-25.65	6250.88	14144.12	15.36	6940.07	-11712.12	-19106.54	-117177.43	
1	1145.41	283.84	-14.34	0	0	-2097.78	-8803.37	11402.94	28992.64	53113.73	-14.66	-2057.08	7546.94	8875.79	96201.83	
1	1152.83	219.68	-730.07	0	0	-348.14	16672.32	21606.91	43639.11	65856.13	-9.08	-6188.87	13510.76	19344.07	113041.51	
1	-2155.34	-1524.75	-1704.03	0	0	7841.76	8020.57	22748.65	46384.29	81160.75	-1.65	22581.4	94436.91	24569.75	134891.7	
1	581.33	1353.35	1980.81	0	0	-3648.02	-7880.78	-2069.9	1638.23	4191.3	-0.85	8203.51	-12205.74	-21994.44	-138084.01	
1	261.96	18.81	10.13	0	0	1451.87	-718.15	3190.4	9553.77	5591.32	-3.72	4028.12	-12009.85	-12014.2	-36208.95	
1	734.21	-159.49	-1241.87	0	0	-3436.79	-9712.08	-4668	35935.91	51771.86	8.4	-3390.08	14983.35	15528	66222.2	
1	-1591.77	-1217.59	-1262.01	0	0	2884.8	1096.3	14636.18	41328.01	69245.26	-0.23	16519.52	25497.36	17176.54	127128.99	
1	2078.23	1993.18	232.01	0	0	774.96	-6157.97	-13932.18	21807.27	51521.75	0.81	6601.36	10497.23	5681.62	7676.18	
1	-2090.99	-1242.5	-1056	0	0	1748.85	5046.61	16509.09	38718.48	65747.82	-8.9	-6460.3	18419.69	11566.54	124359.74	
1	1515.77	1991.47	2378.17	0	0	-1044.52	-187.13	-16732.82	-10846.77	-30933.14	-22.38	4915.05	-29934.03	-35315.84	-197030	
1	-1059.37	-1638.24	-949.22	0	0	527.77	106.43	9286.1	29475.58	58995.35	-1.35	9469.06	14657.95	10540.31	122727.51	
1	-309.05	-406.4	-421.35	0	0	4210.23	13363.33	24316.52	34689.02	60852.29	4.77	-9393.91	14228.94	16213.74	106550.25	
1	-1359.28	1798.38	2198.94	0	0	-7032.96	-524.27	-4606.82	-16586.48	-32268.91	-12.8	2211.67	-28171.93	-36460.14	-192978.27	
1	-1159.02	-464.67	40.9	0	0	-5106.96	8638.06	-1655.24	26137.58	30877.78	-0.79	-3660.41	607.26	2567.98	29528.8	
1	-753.24	1550.08	1854.44	0	0	1038.53	-4183.3	-20227.98	-12922.71	-21154.93	11.8	-1251.63	-47444.7	-25034.96	-184382.3	
1	820.82	943.39	-1754.7	0	0	-2171.29	1490.01	28284.98	54740.05	78384.88	-10.52	4282.69	19033.76	21793.37	167618.6	
1	1177.65	835.5	1239.42	0	0	-1096.48	3677.33	7406.81	5357.98	13326.04	-7.32	-3749.33	-13333.43	-17588.76	-118592.02	
1	-130.1	356.95	796.41	0	0	-4698.02	-11927.01	-18275.21	9044.76	41966.03	1	3949.67	7225.44	8558.41	-283.58	
1	-1463.21	-673.14	-96.1	0	0	-2921.49	-4285.35	13787.22	32008.42	54950.84	-4.96	3923.78	11221.93	9530.74	98304.75	
1	-1289.4	-465.86	240.48	0	0	-1420.24	398.18	6340.69	24605.3	38388.19	-3.57	-4194.64	624.26	-1897.84	38787.48	
1	703.58	1038.63	1916.78	0	0	-2384.95	2265.01	-13632.37	-1830.18	18017.85	6.08	3581.55	-10005.79	-15975.4	-91309.02	
1	219.83	-660.7	-292.05	0	0	-2806.97	-979.45	-1507.09	28534.94	35663.64	3.39	11144.75	3771.69	8579	49513.96	
1	1833.26	1868.5	2256	0	0	-1472.75	5.96	-2336.9	2189.65	5196.54	-4.13	-6234.21	-11823.23	-20814.7	-136135.79	
1	248.22	994.37	-415.26	0	0	-3035.15	5903.42	-770.41	31551.54	59140.45	14.44	-2036.15	14076.53	13113.06	121038.36	
1	360.33	-254.18	-274.7	0	0	3817.77	2504.95	19293.63	39093.12	54764.46	-21.04	13873.18	13547.92	17274.79	85747.93	
1	558.45	1649.65	1955.77	0	0	-3173.11	-5284.53	-18875.76	-10841.03	-19554.84	12.56	-536.22	-29666.93	-24924.82	-188921.13	
1	1846.59	-321.65	-1841.56	0	0	5246.21	-5219.75	-3374.76	17764.29	24415.3	6.32	1303.49	19732.07	31551.11	201666.25	
1	-519.54	774.93	1307.63	0	0	-1331.24	-10700.31	-8870.27	-804.57	-1829.49	9.56	-1740.8	-16574.29	-25138.85	-165997.09	
1	-1851.74	-912.96	-611.22	0	0	-4562.69	6580.54	4142.99	24051.78	37376.34	23.17	-8334.93	4310.82	18789.62	55999.56	
1	-427.8	1439.13	2091.56	0	0	-2063.68	-4102.98	-4736.92	-4944.92	-6413.57	2.56	3059.38	-25933.14	-80446.21	-151910	
1	-1748.77	-1619.67	581.6	0	0	2595.7	-5209.71	-15153.68	16119.83	46881.63	2.61	-2008.83	10525.63	3630.2	3576.85	
1	-538.49	-428.94	92.65	0	0	2960.02	2996.56	6524.45	19712.63	30355.54	-22	-5221.51	-379.58	2513.37	29026.37	
1	101.47	1780.87	2137.56	0	0	273.59	-6323.53	-14231.27	-14371.34	-26124.55	2	-5474.52	-26162.11	-35062.85	-191645.49	
1	1728.16	1627.61	-2096.55	0	0	654.91	2405.89	21793.67	56484.08	85953.46	11.7	3929.1	33262.92	24152.31	137108.83	
1	-22.15	-303.24	171.12	0	0	1691.2	-7915.74	9199.96	24169.93	33959.32	-25.37	-3015.86	-522.89	1815.02	34147.04	
1	2609.25	243.27	-2057.34	0	0	-4584.18	-7342.46	-13268.35	26849.98	38394.44	-12.94	603.04	25104.19	30645.63	195549.81	
1	-195.95	-1535.75	-1719.14	0	0	-1953.01	12021.96	10996.63	9578.5	7574.65	-3.53	-722.28	564.66	8246.68	-16381.83	
1	433.95	860.49	1271.11	0	0	-5697.68	5196.3	15038.09	3231.55	7749.9	22.93	-11108.48	-18617.33	-17079.02	-125182.94	
1	-17.26	1185.61	1573.54	0	0	-1554.56	-10141.22	-4510.75	463.33	-2536.19	3.93	-8423.35	-23215.57	-24820.7	-159379.2	
1	-1430.89	-896.26	-832.34	0	0	2640.4	4807.15	4979.03	39587.53	55480.33	5.91	-19085.02	14736.51	22202.09	74280.11	
1	-1985.66	-2054.47	1895.82	0	0	1944.54	-4508.34	-7539.69	-5136.19	27900.75	-2.29	-1815.43	2423.91	-12266.85	-79392.79	
1	-2346.06	-947.37	-523.03	0	0	6656.09	6207.66	3694.29	30229.87	44308.84	4.2	5868.21	9099.08	9679.97	68374.54	
1	2275.25	369.11	-1149.58	0	0	292.5	9546.07	18853.91	55128.78	73358.61	-7.12	-3054.85	18809.56	33165.25	153847.83	
1	-1759.89	-860.23	-801.23	0	0	-6677.32	-505.44	15769.54	41332.68	56672.96	-3.27	2160.02	11629.67	17161.62	75479.06	
1	1414.94	2237.88	2333.77	0	0	4860.44	2697.85	-14306.28	470.64	9545.19	7.2	-1811.57	-16715.18	-19580.08	-132081.34	
1	927.68	-228.13	32.12	0	0	3639.76	-5369.99	6038.89	16639	16348.3	21.12	11449.42	-10324.15	-3885.72	-44818.92	
1	1178.31	761.36	933.53	0	0	-1955.8	5644.38	2090.26	7931.22	27869.94	10.82	624.8	-5751.78	-18789.85	-101116.31	
1	-752.06	165.32	1371.55	0	0	460.09	9964.9	10144.32	1779.76	-9721.49	3.63	-3508.61	-8628.59	-23428.07	-177383.67	
1	1593.14	1761.73	2097.61	0	0	2130.42	8922.73	-14312.47	-7333.01	-22218.34	4.17	-2048.66	-25635.88	-33214.91	-190971.97	
1	95.92	1007.46	1416.04	0	0	946.57	555.7	-19336.56	-3254.56	-2993.46	-1.51	2882.68	-21580.75	-25278.02	-167390.27	
1	933.66	-360.36	-44.87	0	0	1881.13	-1407.02	1266.22	23904.79	34900.64	44.31	4403.92	-6603.02	-10642.39	33922.59	
1	830.38	312.75	812.78	0	0	-545.22	-1590.33	2162.59	11558.32	23249.79	2.8	-3329.16	-6048.56	-12949.81	-116512.93	
1	-2548.54	-972.32	-573.01	0	0	-324.26	-4561.09	5511.29	31371.08	43123.38	-19.35	2652.64	8543.46	12457.91	66498.77	
1	1201.51	752.78	1521.55	0	0	56.39	7677.99	-4119.65	-311.33	13447.22	12.07	-4123.66	-7637.03	-15701.95	-109943.4	
1	-555.41	-354.04	165.11	0	0	-2576.65	-16669.72	5682.47	25030.81	35124.74	-15.21	-3672.78	1176.57	2036.62	35005.33	
1	-15.29	-432.76	24.72	0	0	4061.36	-8099.86	4727.11	20220.65	29019.5	-0.14	-14321.44	2180.14	1037.12	27343.28	
1	799.39	-189.83	41.08	0	0	-188.88	976.44	14983.94	30515.53	51728.26	3.71	-4551.23	9822.91	7295.41	94780.71	
1	-242.87	-34.68	423.08	0	0	1852.46	3755.16	1231.63	19647.75	47930.65	4.67	-2756.57	9558.42	4107.32	7617.64	
1	-541.37	-692.71	-259.66	0	0	-2772.45	4671.62	-3008.25	30801.61	38350.95	23	-4955.77	4744.17	7767.05	49132.35	
1	-1174.06	653.98	1221.04	0	0	-3433.4	-4717.53	-15630.21	642.94	-787.74	1.05	-1186.19	-19705.54	-17593.7	-167238.15	
1	566.15	853.4	767.56	0	0	-480.81	3703.3	-11038.75	10113.39	40848.46	-17.98	-236.85	9148.66	-4535.53	528.13	
1	1448.71	999.17	1149.05	0	0	-965.99	-2669.87	-7604.75	6861.87	33597.45	1.78	-1054.2	-420.72	-7296.15	-75098.49	
1	3930.8	1154.26	-1911.11	0	0	3376.54	3600.61	14145.26	49518.09	78193.31	3.4	2079.49	19990.75	27637.62	169327.06	
1	-1254.5	-1544.93	-1920.64	0	0	1610.71	3133.81	-4508.97	8540.91	14855.33	6.3	1151.64	28446.93	33415.86	204834.67	
1	-690.26	-914.27	-907.21	0	0	1414.32	5618.26	1105.84	28344.95	33897.37	4.6	7563.31	2759.67	10619.07	57450.2	
1	-1536.05	-764.67	-245.65	0	0	-4542.17	-1726.32	-3856.47	24551.68	29642.66	1.58	-4249.28	-4580.46	2947.88	47653.4	
1	-1564.06	-556.21	-472.38	0	0	-3110.96	9041.43	18331.4	37699.21	61605.33	-5.62	6669.18	15078.15	12399.35	108897.87	
1	-369.36	-896.49	-892.18	0	0	398.26	691.76	-4250.54	25260.14	32898.48	9.9	-5052.37	5721.99	8313.19	56861.95	
1	1435.66	565.83	-749.01	0	0	-1250.83	949.99	10365.95	39605.14	64023.8	8.8	-2777.92	14546.5	15381.22	118968.35	
1	1769.48	1046.76	-455.9	0	0	3663.19	3111.53	10603.01	34575.7	60027.98	-23.1	5396.61	-36329.36	13015.82	120294.19	
1	-1222.52	46.94	753.61	0	0	3816.01	-2123.98	-953.95	10783.24	7244.59	39.81	-2790.24	-8302.94	-7671.85	-55537.59	
1	465.01	-515.7	-1106.16	0	0	-1950.26	-347.51	-5054.56	35790.42	41178.83	-28.33	17704.4	11023.46	13180.4	62288.48	
1	1152.74	2029.79	2376.09	0	0	2418.26	4617.81	2025.58	-1222.3	2501.55	-9.34	-407.61	-18305.65	-22155.14	-137480.13	
1	-1645.6	901.26	1872.48	0	0	3978.71	-6929.17	-1983.49	-4298.05	-2381.43	-16.4	-1075.86	-19773.08	-20903.35	-149391.5	
1	-2381.03	-932.33	-526.4	0	0	755.27	1577.81	-6552.34	31152.88	41778.11	28.11	-13754.52	8317.11	9430.27	64648.98	
1	-1357.64	-341.03	1977.57	0	0	4662.92	-2610.9	-5914.82	-2378.03	13049.96	-0.41	-4616.21	-8420.44	-19085.12	-95758.29	
1	1718.47	1367.04	1505.8	0	0	2979.32	3152.62	-9196.46	-5760.34	-9310.58	5.13	-7768.9	-18730.1	-28112.89	-180937.47	
1	162.3	-766.34	-416.35	0	0	434.39	-13727.38	4973.09	27504.44	37368.08	-5.56	-3433.67	647.77	4960.62	52706.49	
1	838.75	1917.27	-1669.33	0	0	2423.11	-7991.5	24026.46	47141.08	74154.51	16.67	3979.21	16911.58	16534.13	130877.69	
1	-2524.14	-1255.49	1648.4	0	0	375.85	-4346.41	-4675.18	2916.39	28811.79	-6.11	-8475.81	-2671.51	-3558.26	-79520.45	
1	876.79	305.95	495.38	0	0	-1452.14	6453.26	10274	21791.97	43676.14	22.61	-1065.05	3146.19	4668.52	88804.64	
1	2774.65	1442.63	997.18	0	0	868.14	957.84	-19802.83	14005.33	41226.53	-1.97	-1115.56	4303.67	-2334.46	-2335.67	
1	504.43	2049.79	2437.05	0	0	-98.59	1911.22	-9507.98	-4719.78	405.67	-12.1	6979.5	-17089.17	-28658.33	-138848.58	
1	938.86	987.75	1135.62	0	0	-1301.09	-1088.11	-7874.05	6361.35	33054.74	-1.68	-680.3	-1123.06	-7854.59	-75833.8	
1	-666.46	-851.29	-573.71	0	0	5105.37	12664.31	2600.03	19542.91	29620.02	-13.18	-5663.05	-2584.24	3360.9	51843.3	
1	-408.5	-276.25	474.48	0	0	456.53	3814.2	10245.93	17614.18	33232.55	-16.96	-2246.02	-4316.1	-2072.49	38135.66	
1	435.73	1280.87	1626.43	0	0	7983.71	-2775.76	-6260.69	-4856.72	-4339.95	6.98	-242.45	-21763.79	-26185.23	-159793.94	
1	1865.43	634.99	-1545.99	0	0	-1096.07	5026.68	18268.12	61107.71	80760.13	-0.88	23069.35	16865.88	21373.95	162718.26	
1	356.94	2132.28	2533.03	0	0	1484.96	5851.01	-3546.18	-12465.81	-33798.92	13.43	-4560.53	-34737.98	-37065.86	-202091.11	
1	1242.56	190.47	-688.61	0	0	4540.66	11455.69	26494.57	39734.82	64985.18	23.62	44763.83	33170.64	-113883.9	-358271.3	
1	1290.27	289.04	-890.16	0	0	7980.05	-1484.81	24160.33	50413.01	67791.33	-13.72	-19525.05	8860.36	18520.57	145165.02	
1	-1336.23	-10.93	1331.27	0	0	703.32	-5346.13	5755.95	1964.92	15915.7	-5.04	-1851.39	-10967.78	-15226.08	-110194.67	
1	1340.34	1211.95	446.66	0	0	-2578	1220.39	-6068.52	15794.73	48772.19	2.1	53.88	7668.21	1840.09	5793.97	
1	-965.52	407.52	1048.54	0	0	2202.26	8045.26	935.16	2216.39	-3859.52	-13.55	-1224.11	-14160.84	-20034.89	-176944.34	
1	1795.65	441.01	-1317.81	0	0	-4167.56	2521.83	12269.73	54304.21	74969.79	-9.82	2440.16	16788.79	24943.12	158965.99	
1	-1844.71	-595.64	379.97	0	0	-1028.97	-3026.97	7720.33	23999.49	40380.8	-4.56	-360.9	5529.3	1629.92	40914.57	
1	1409.73	291.16	652.33	0	0	608.1	5672.15	-944.62	12009.78	12340.85	-10.94	-2371.59	-8693.73	-5600.16	-55836.87	
1	52.71	480.9	-1381.1	0	0	4261.57	8671.83	13762.24	58863.97	79605.49	-12.54	4836.63	16808.17	26154.51	157737.45	
1	886.79	1673.17	2002.91	0	0	4104.23	-2418.7	-15846.9	-10895.23	-18644.02	-4.4	-5433.54	-25814.98	-31433.62	-189002.92	
1	-1062.41	461.03	2422.93	0	0	-289.92	3241.3	-8043.78	-1338.25	-3278.77	7.41	2300.77	-17705.65	-27787.39	-143646.78	
1	836.66	1899.44	2289.04	0	0	2563.86	-7526.46	-4267.21	-14008.68	-26397.04	9.91	5155.11	-28770.71	-34363.66	-194690.74	
1	-102.53	-267.7	185.69	0	0	-1171.74	-4058.62	4515.64	19256.14	25929.59	-11.25	-761.58	-2573.3	-1189.3	25265.2	
1	4.16	-36.79	329.06	0	0	1775.48	-2578.58	10981.64	21944.92	48372.77	31.89	-118.57	8382.92	7182.2	91379.14	
2	100.27	-3105.05	-3615.56	0	0	5538.7	7731.04	-15988.08	-31404.17	-34137.13	6.03	6574.8	52355.86	62979.58	334248.33	
2	793.19	-3302.67	-4175.43	0	0	263.25	6439.96	-12333.72	-31082.82	-34876.44	11.79	5915.95	49035.08	63442.59	331135.04	
2	-275.42	-2747.31	-3313.67	0	0	-1108.92	-8040.45	-18346.67	-30190.01	-28461.76	-17.91	5261.96	49113.24	63881.98	288044.33	
2	-375.66	-3032.54	-3511.72	0	0	-1707.96	6715.31	3292.46	-21689.61	-24166.5	-14.43	30261.5	51341.57	57606.77	312312.95	
2	1909.59	-1954.7	-2625.86	0	0	1942.15	-4786.24	4090.21	-10077.64	-5871.99	-2.62	416.24	38595.98	50512.7	223543.27	
2	-915.86	-2939.1	-3507.61	0	0	3803.99	4959.99	6312.34	-26904.32	-28296.35	-1.89	-3482.7	50875.55	59830.45	317589.64	
2	1546.5	-1766.48	-2375.31	0	0	6169.18	-414.81	-2000.99	-6510.14	-3114.08	24.31	3049.49	32668.01	47208.51	227181.04	
2	-81.61	-2220.59	-2781.61	0	0	-45.2	1165.83	-3298.45	-22299.94	-13334.24	-13.45	1769	51027.52	55032.14	245130.01	
2	-783.73	-2880.06	-3502.3	0	0	281.45	5142.31	9845.31	-26307.01	-29744.39	36.31	13545.62	57084.08	82912.34	319756.94	
2	605.55	-2922	-3532.73	0	0	-2105.46	-320.46	4036.63	-26104.59	-30706.95	40.62	12873.98	44267.3	65639.31	322402.62	
2	-61.2	-2659.92	-3244.89	0	0	4628.73	8440.91	-2915.93	-25727.53	-25828.87	-1.81	-16052.44	46007.91	59790.01	290899.28	
2	-487.2	-2843.88	-3326.14	0	0	-433.76	36.02	4982.14	-21237.36	-23529.18	14.76	30857.26	38487.18	59768.01	310414.06	
2	-1432.21	-3055.17	-3576.69	0	0	-1626.96	-5604.77	-9582.71	-33113.52	-33475.65	-2.31	-11338.1	55754.4	61706.41	329885.39	
2	-1287.14	-3199.71	-3730.8	0	0	6344.98	2118.8	-9183.81	-33281.15	-35948.72	-5.28	28731.37	-50912.07	92564.32	334656.71	
2	439.34	-2195.32	-2899.26	0	0	2222.39	-4814.46	2016.86	-18842.08	-13719.44	-15.83	5216.94	42922.73	46860.58	238133.32	
2	-1096.35	-2041.16	-2597.04	0	0	1942.02	-4399.56	451.68	-15493.36	-9249.86	3.68	-2817.38	40166.46	49844.19	234521.47	
2	-221.44	-3514.77	-3964.05	0	0	-3223.82	-15341.73	-29118.65	-39719.79	-36607.73	-1.83	6503.53	58512.27	64572.9	341222.39	
2	-1257.34	-2140.83	-2709.59	0	0	1094.07	-14123.5	-7243.25	-22329.76	-10817.11	-5.75	14811.73	41059.15	52996.22	236178.24	
2	-1675.91	-2888.78	-3058.32	0	0	1352.81	-2990.55	-2692.32	-16348.93	-14457.7	-9.02	5551.04	46267.38	62182.02	304038.52	
2	-342.41	-3393.67	-3897.86	0	0	-3484.35	-15220.18	-21978.92	-36690.42	-35629.36	-3.96	5653.54	51425.66	63619.62	337296.68	
2	1181.94	-2470.32	-2985.38	0	0	-884.68	5446.85	-5299.47	-30762.13	-21964.09	-16.82	-57.79	49196.62	53849.81	263014.5	
2	-192.71	-2359.46	-2965.17	0	0	-1422.16	-3542.92	-2071.18	-23613.71	-18442.46	-1.75	-2784.11	39790.18	79891.49	264667.31	
2	41.22	-2403.55	-3050.67	0	0	1376.37	6215.44	-7521.92	-21128.04	-18755.42	0.24	26906.66	41696.89	59560.53	267499.74	
2	581.67	-2946.11	-3540.11	0	0	-3228.5	-5530.16	-10345.87	-32567.42	-31582.33	-17.85	4377.73	59149.35	64049.82	323751.73	
2	-92.75	-2595.33	-3082.87	0	0	3059.3	5146.64	582.74	-31846.85	-22843.87	31.49	-8393.25	29147.72	49540.39	271115.22	
2	800.46	-2917.39	-3430.95	0	0	5146.72	2756.83	4120.8	-17153.34	-22800.1	5.7	-10850.14	64865.78	59705.88	310467.34	
2	863.44	-3208.53	-3751.15	0	0	-1118.46	-4717.02	-9559.8	-36232.84	-34191.53	15.66	3521.44	47994.46	63690.72	287313.83	
2	587.56	-2980.42	-3575.91	0	0	-233.87	-4889.32	-528.19	-21486.16	-28419.4	2.31	3013.73	48163.51	61649.84	317129.2	
2	-444.07	-2762.23	-3358.94	0	0	1312.31	-7901.86	-7335.59	-35081.81	-30244.3	-9.98	-3484.86	55042.51	61356.01	281506.88	
2	-173.06	-2684.59	-3270.97	0	0	3402.31	-2381.69	-1407.99	-25399.4	-25343.32	-15.02	-27983.51	49462.96	56262.95	306294.84	
2	-757.44	-2285.28	-2740.98	0	0	1358.31	-17246.79	-7694.61	-20114.09	-15402.35	14.21	-3241.64	43468.74	53893.86	253816.95	
2	403.67	-3322.78	-3826.02	0	0	983.8	-12699.68	-25483.8	-38983.09	-36293.51	12.31	5503.33	44627.35	62436.46	338267.81	
2	628.5	-2922.05	-3453.38	0	0	-1655.93	2411.99	-5793.28	-37389.28	-31877.64	-1.09	12078.97	41868.69	57146.19	283980.49	
2	2391.67	-1296.54	-2354.31	0	0	-902.32	-1252.99	-6097.1	179.15	5767.55	1.1	-1455.94	33186.96	40011.7	211140.7	
2	-379.18	-2216.76	-2918.51	0	0	1632.95	-7729.16	2419.8	-21477.95	-14631.33	-6.42	8845.56	40977.67	57631.47	239824.24	
2	-429.13	-2234.83	-2854.58	0	0	4840.68	7212.86	-7220.06	-20658.86	-13581.79	-8.35	8275.36	72607.95	55050.39	239237.14	
2	-2219.16	-2522.08	-2784.71	0	0	1497.5	9490.84	-13481.16	-25657.51	-18154.45	10.31	-2026.59	48663.5	53530.08	257763.28	
2	-729.06	-2464.33	-3057.12	0	0	-3825.83	-3726.99	-7537.9	-26851.31	-20871.94	-1.16	5904.47	52792.47	57209.4	269745.85	
2	982.44	-3102.85	-3714.54	0	0	1091.72	9077.8	885.79	-25112.7	-28246.67	24.93	8513.98	38651.95	60773.52	317955.52	
2	204.31	-2755.34	-3398.25	0	0	-484.25	1951.73	7027.59	-24408.76	-27156.74	-21.58	7931.04	38373.64	57308.04	314790.21	
2	-448.17	-3398.59	-3903.22	0	0	-939.74	1462.69	-18265.16	-32500.46	-35970.75	8.91	8307.73	50048.66	64997.99	334881.63	
2	568.89	-2051.66	-2566.82	0	0	-865.43	6374.34	-3780.73	-14750.8	-10681.51	13.48	1276.08	39274.54	51819.44	244607.33	
2	-941.05	-2625.8	-3216.81	0	0	-2847.17	3432.9	-3271.2	-22226.16	-23447.48	4.21	36225.22	41490.18	63418.42	300398.05	
2	-1809.56	-2482.87	-2745.74	0	0	-1169.61	-3602.83	-20980.31	-27609.88	-17327.15	17.44	2935.17	43745.93	53033.71	256918.07	
2	96.11	-2976.17	-3271.77	0	0	-2560.94	-4657.92	11493.84	-16061.31	-18431.45	0.16	4812.54	40955.08	55064.41	306334.25	
2	-1123.96	-2559.8	-3165.64	0	0	-1302.28	-3739.47	-3189.23	-28901.62	-24244.63	7.76	2753.54	50954.91	59596.61	274641.93	
2	-750.23	-2201.44	-2779.64	0	0	144.79	-8717	-6576.2	-15803.33	-12410.89	-40.31	25841.73	42785.39	51607.52	240038.18	
2	-1118.21	-2728.3	-3193.27	0	0	315.47	4456.61	-19832.92	-36593.76	-26001.17	-20.33	2494.35	39789.2	57611.99	277102.03	
2	34.2	-2026.42	-2565.41	0	0	-854.25	14391.47	-13435.64	-14473.36	-9766.44	31.91	-18607.11	70550.56	54168.42	238496.43	
2	-371.55	-3224.9	-3698.54	0	0	-665.06	2798.77	11262.36	-20840.67	-25164.83	-8.15	12345.28	49551.86	61003.63	313971.83	
2	-374.36	-2447.02	-3099.01	0	0	-106.49	-1703.66	728.87	-26541.03	-20666.23	23.33	-1896.08	38116.3	57589.85	269857.83	
2	756.7	-2217.79	-2692.24	0	0	1167.52	4494.48	-10839.92	-18429.43	-16316.89	2.24	2746.5	43092.67	52827.28	255825.75	
2	-300.76	-2745.53	-3010.84	0	0	3637.01	4639.59	366.47	-15755.25	-14128.09	-1.88	22046.82	43133.97	60015.61	302986.63	
2	-1272.88	-2981.9	-3511.09	0	0	1653.21	-5201.75	-8247.6	-28803.37	-32481.53	-10.69	7425.01	47520.83	61296.62	326154.61	
2	326.6	-3511.63	-3998.26	0	0	-1067.82	-18444.91	-19655.96	-36942.68	-36955.35	6.57	2437.19	52082.8	62927.76	339178.38	
2	-1344.09	-3115.05	-3644.06	0	0	1586.34	-7625.35	-14818.17	-32970.44	-33990.81	-22.96	15368.7	50523.32	61263.55	330271.57	
2	-1396.67	-2244.26	-2724.24	0	0	-943.78	-1380.6	-3721.5	-17901.23	-14018.04	4.77	-2854.16	47645.47	52496.47	249551.2	
2	2074.86	-1847.94	-2637.71	0	0	-5549.7	-24467.18	-12064.52	-28562.44	-17290.83	-5.79	-1930.99	49401.55	53140.59	257352	
2	-447.77	-2819.44	-3472.31	0	0	-7248.95	5621.15	7497.58	-25999.29	-28333.55	-13.97	-10851.78	46670.37	60563.24	318104.24	
2	-1201.77	-2741.43	-3099.65	0	0	-5348.38	-67.64	3324.94	-17930.85	-16244.2	-1.44	2912.71	42255.13	56884.79	303784.39	
2	-604.88	-2677.83	-3248.51	0	0	-919.09	10688.8	-7696.3	-29131	-26575.04	-17.13	1458.47	48315.27	54442.44	278580.75	
2	-1385.66	-2388.61	-2858.16	0	0	-2066.81	-8509.9	-8539.63	-24634.09	-16894.68	-9.96	-1404.73	44197.8	55585.35	258219.87	
2	1145.23	-1862.13	-2463.96	0	0	-2367.79	-2061.74	-1774.64	-6009.61	-6574.76	2.04	-4149.05	40352.12	49881.36	230450.97	
2	654.56	-2593.99	-3221.23	0	0	-85.59	6674.67	-6514.93	-34758.5	-26509.56	31.16	-6923.8	49088.99	57991.78	277214.58	
2	1916.29	-2011.99	-2526.58	0	0	-2184.47	-5235.21	-5052.39	-18827.24	-13562.36	-24.89	-1622.88	46059.63	49200.38	251933.91	
2	33.25	-2427.61	-3080.75	0	0	-2098.93	-1948.25	-2744.84	-30257.8	-20905.76	7.84	-23.93	48373.2	58998.11	269570.58	
2	-196.28	-3337.96	-3848.55	0	0	1620.95	-8157.33	-2535.75	-22467.94	-30671.27	-6.47	13164.74	52490.72	64427.6	321264.11	
2	890.75	-3030.6	-3660.38	0	0	2139.33	-193.93	-768.35	-19308	-27392.36	-12.03	22387.18	44756.42	57878.17	316802.57	
2	-1229.29	-3362.65	-3829.6	0	0	7102.55	18952.96	1215.1	-17322.91	-26605.34	-4.63	16271.57	46698.74	62515.32	316326.82	
2	-1825.25	-3209.39	-3549.85	0	0	699.94	108.76	5700.21	-15585.62	-19739.49	9.09	2691.07	48486.86	58525.96	308226.08	
2	-167.73	-2591.12	-3298.48	0	0	-32.9	3636.58	-4079.56	-37828.85	-28267.49	7.46	1333.47	46523.56	64479.51	279743.73	
2	386.55	-2377.4	-3036.88	0	0	-1930.25	-298.93	-4883.88	-24906.46	-18390.95	-0.92	-635.73	48154.1	55007.19	267538.15	
2	-996.37	-2800.41	-3371.7	0	0	-793.53	1420.09	1773.83	-18646.74	-26299.93	-27.08	-15617.9	28860.86	61225.33	313072.61	
2	-979.42	-2899.26	-3408.04	0	0	-359.56	1795.45	-13808.98	-27850.69	-30730.42	19.12	35699.9	49999.06	58464.22	294637.72	
2	646.86	-2606.37	-3303.57	0	0	-5474.89	6227.34	-10598.74	-35432.46	-28865.45	-13.12	-2888.59	45476.09	59114.11	279868.23	
2	1418.52	-1810.45	-2418.33	0	0	-979.4	4348.98	-3100.7	-16385.83	-5896.61	-13.91	335.35	48274.39	58598.73	229613.06	
2	-1451.37	-2442.04	-2933.4	0	0	2041.36	2491.57	-9392.49	-30095.18	-19277.13	-0.67	2193.61	45146.01	61990.55	262159.51	
2	594.62	-2823.67	-3597.98	0	0	-1919.74	99.03	-6157.05	-42498.95	-30512.57	7.18	1710.32	53560.63	58533.55	284493.9	
2	-554.03	-2259.53	-2945.6	0	0	1274.83	33.14	-1405.24	-22591.71	-15164.99	3.78	-25954.62	42550.23	54648.61	240151.4	
2	-303.9	-3181.57	-3667.85	0	0	2766.98	4246.5	-11302.65	-39328.54	-33553.03	0.71	794.87	43536.42	57644.78	286179.91	
2	-473.01	-2247.15	-2810.87	0	0	3023.57	14578.97	11212.39	-13478.21	-10858.37	19.95	-4609.17	44738.71	51998.33	233898.7	
2	-1154.62	-2513.33	-3141.48	0	0	2122.68	-6247.67	407.41	-28740.38	-23334.19	-6.89	-5367.4	48128.42	55591.19	273158.97	
2	75.56	-2550.32	-3154.35	0	0	-6987.41	1184.39	4584.84	-17546.27	-21037.7	13.51	8800.61	49700.75	56821.16	300897.47	
2	-125.06	-2609.87	-2858.97	0	0	-1900.97	-9077.48	-14845.47	-27241.92	-19440.45	-1.98	-3439.16	45448.4	53565.23	259100.63	
2	367.48	-2228.59	-2922.03	0	0	2496.66	2098.93	3666.52	-21672.14	-13862.79	-6.91	8151.57	47141	54343.84	238221.16	
2	214.11	-2379.23	-3000.99	0	0	976.25	1178.78	-4866.16	-26066.18	-19325.48	12.9	-5196.33	43182.19	57137.76	266553.78	
2	1428.19	-1875.33	-2474.53	0	0	-193.1	3996.96	4938.18	-10263.37	-6059.6	-4.99	-838.87	39536.81	50228.39	229874.37	
2	365.36	-2545.03	-3177.59	0	0	1103.09	9005.28	-7742.29	-31299.9	-25265.07	-8.74	2597.9	44396.08	58312.8	275480.11	
2	-619.78	-2830.96	-3489.32	0	0	3182.45	3841.71	-2457.97	-25579.93	-29200.39	29.97	13985.16	53685.86	53817.12	318765.89	
2	352.25	-2752.75	-3395.35	0	0	253.58	4376.97	6952.06	-24795.24	-27851.97	-19.43	-16560.31	49898.52	54771.66	315479.46	
2	1830.14	-2018.12	-2519.51	0	0	-2482.96	-1683.53	-12848.12	-16379.99	-12314.53	-35	4985.9	44531.63	53418.68	249971.47	
2	-1039.25	-3214.79	-3734.24	0	0	-747.77	-3615.97	-20592.69	-37051.48	-35374.63	-8.88	3428.82	51613.97	62160.3	337133.49	
2	820	-2202.85	-2824.54	0	0	-830.8	-2963.45	-1734.27	-12108.47	-10460.73	2.02	-4635.6	40801.78	50638.24	231484.18	
2	-16.61	-2664.29	-3335.28	0	0	2482.44	-6548.69	-12901.65	-38390	-29418.33	-6.8	3919.48	50956.34	60215.32	280626.78	
2	-932.58	-2122.7	-2660.84	0	0	1029.16	-7599.99	-7298.36	-15238.13	-12265.27	13.33	777.58	9016.02	97364.39	247995.02	
2	-389.81	-3357.07	-3868.43	0	0	1434.66	-1109.75	-22727.35	-40072.19	-36923.73	-21.54	19482.27	53786.5	64073.42	338332.98	
2	975.36	-2100.43	-2581.47	0	0	236.44	-9683.24	-15042.37	-19081.51	-14096.86	-13	-6768.9	44868.76	62433.75	253193.15	
2	-1392.74	-3605.51	-4026.92	0	0	-1294.06	-6803.91	-20299.49	-46429.77	-35840.51	-7.74	4773.42	52194.57	61025.2	290774.2	
2	1815.48	-1217.19	-2294.17	0	0	-23.99	-240.02	-2287.32	-15592.84	-12068.12	9.16	-1243.45	45898.93	50072.9	253187.12	
2	-562.54	-3435.67	-3937.35	0	0	442.45	-13382.82	-26174	-35295.77	-36770.04	-2.71	5039.16	50962.15	60473.72	336503.24	
3	2755.62	3870.87	4252.89	0	0	-4402.18	-5390.37	3956.57	-13722.27	-65265.24	1.6	-3148.63	-48528.01	-52817.58	-253322.44	
3	-423.35	2913.84	3390.14	0	0	329.27	946.34	-15909.36	-47554.29	-81624.07	7.13	-1036.5	-63661.44	-62152.1	-305600.89	
3	-1060.37	2227.43	2650.4	0	0	2575.77	-12551.55	4497.66	-33989.46	-52237.01	6.61	-1225.66	-38308	-49037.07	-205839.94	
3	-306.93	2826.78	3111.06	0	0	-538.35	-4071.17	1156.86	-11003.72	-47766.98	11.43	-4689.9	-47527.09	-45682.04	-225708.95	
3	147.42	3110.47	3365.27	0	0	4509.47	-542.98	2369.48	-11190.75	-49212.11	10.56	437.31	-24229.1	-47189.33	-230018.09	
3	482.29	3703.4	4075.81	0	0	1473.9	2808.6	10086.9	-8782.72	-59212.15	-0.4	-30509.91	-44203	-51754.51	-249233.79	
3	1618.22	2748.91	3034.23	0	0	-1468.94	6497.3	-2850.43	-17437.94	-49333.48	24.84	-644.22	-44377.63	-46720.44	-222572.13	
3	895.98	2364.26	2762.1	0	0	-669.12	237.93	-20987.65	-51255.29	-66235.81	-11.48	-4980.55	-46375.74	-58511.32	-326347.74	
3	-1382.27	2164.89	4561.98	0	0	-1033.18	-9093.45	-19932.66	-21354.11	-73619.14	-3.55	-943.27	-50523.6	-57015.18	-258834.06	
3	1762.52	3325.39	3743.88	0	0	516.37	4451.66	-5939.74	-42955.72	-86880.69	-8.82	-4001.79	-58201.76	-57301.4	-297515.5	
3	1851.99	2976.78	3262.54	0	0	2056.48	2066.73	4724.41	-15402.68	-51456.5	-7.38	7590.13	-40403.36	-98240.96	-228235.06	
3	-1244.93	2512.5	3078.68	0	0	-1083.08	-4193.34	-13807.09	-50322.46	-74471.72	-9.62	-3697.04	-49067.02	-56513.33	-318741.73	
3	1472.15	2860.4	3253.84	0	0	1167.52	-12156.11	-24766.57	-56593.74	-83503.59	16.27	-8012.2	-43787.62	-57457.49	-313664.99	
3	-657.71	2429.45	2933.68	0	0	5058.28	6842.38	-16421.51	-53980.21	-71553.82	14.8	987.11	-54901.26	-54523.12	-322356.74	
3	-391.49	3116.8	3574.16	0	0	2586.66	2789.21	2959.2	-28338.68	-70167.16	9.28	-1375.64	-31289.65	9852.18	-281049.64	
3	-1147.63	2494.67	3033.21	0	0	2268.58	-3129.25	-15119.93	-52413.08	-75011.41	-4.91	-5110.57	-42314.78	-58457.75	-319675.85	
3	1786.32	3312.89	3736.34	0	0	-2651.52	-4401.9	-13528.02	-38987.74	-88192.45	-15.35	-2490.39	-66075.52	-58388.52	-298946.63	
3	225.42	2354.5	2795.02	0	0	-1810.23	-15335.86	-7337.35	-45246.46	-61810.6	4.49	4869.98	-48786.58	-54095.68	-325847.28	
3	360.42	2970.99	3223.7	0	0	520.35	-963.91	4442.97	-15738.74	-49591.75	-22.3	13389.88	-45453.6	-46624.14	-227344.8	
3	920.2	2300.68	2672.65	0	0	-509.63	-10756.86	-4402.44	-18161.07	-43541.77	-6.93	517.22	-41133.24	-42280.37	-208261.76	
3	-632.41	2942.27	3484.39	0	0	-5082.59	-18840.53	-14423.15	-50244.42	-89374.8	-15.92	-4731.92	-47384.7	-56669.23	-309717.58	
3	512.07	2559.17	3007.32	0	0	-4750.41	-6820.85	-8594.7	-38612.2	-66910.14	3.03	-9436.13	-48172.03	-54824.73	-318947.59	
3	1639.59	2850.31	3249.13	0	0	2871.19	5974.19	-21093.95	-57995.11	-83710.23	5.36	-3028.68	-76041.58	-56072.72	-313590.87	
3	690.37	3322.2	3695.52	0	0	-2482.02	-4328.99	5698.5	-8813.91	-55449.91	25.9	-38741.96	26167.13	-51660.73	-244075.13	
3	1826.82	3595.54	3937.29	0	0	6027.36	1469.32	12166.34	-8932.01	-52825.29	-3.41	5495.26	-41836.6	-48398.78	-240096.17	
3	146.25	3355.03	3713.82	0	0	-6873.48	6752.64	7474.85	-9100.52	-54819.86	-12.7	115.9	-39304.38	-54999.75	-242527.55	
3	759.13	3127.94	3580.92	0	0	1138.74	-8659.28	-5099.13	-27000.46	-73568.21	7.25	-3012.78	-43880.04	-56060.77	-283732.43	
3	369.04	2442.36	2783.97	0	0	-205.75	-8138.8	-5802.1	-18084.57	-44048.18	6.2	-501.94	-36680.51	-44190.64	-215070.57	
3	1856.71	2891.89	3333.71	0	0	-2476.14	4104.16	-3636.21	-22372.48	-60724.82	7.09	12751.17	-33975.66	-53227.16	-268987.96	
3	-1907.05	2736.51	3316.79	0	0	1005.74	-6080.81	-9513.71	-27979.08	-66785.9	26.25	-5013.35	-49428.7	-54268.93	-275808.83	
3	1035.83	3691.08	4105.79	0	0	-2589.12	1209.42	-1992.78	-34809.88	-89205.37	4.17	-2907.68	-56478.82	-58181.9	-293920.98	
3	1776.1	3260.82	3650.27	0	0	2371.8	11415.02	-5080.74	-18701.12	-62183.01	3.16	-4856.31	-51500.5	-49584.78	-257513.49	
3	2712.78	3171.91	3636.78	0	0	-7.23	2144.02	5107.58	-35938.35	-78313.34	1.34	-2102.91	2425.41	-54352.51	-288758.66	
3	2089.24	2841.86	3146.89	0	0	-5126.12	2634.25	-1123.93	-12728.25	-51167.2	-2.1	1878.7	-42916.79	-46877.2	-225473.12	
3	-836.14	2525.13	4379.35	0	0	-7481.94	-12884.75	-18288.31	-34896.9	-91773.51	-7.26	-10358.41	-33357.27	-59622.65	-294658.52	
3	883.14	2485.08	2631.34	0	0	-1059.15	-4765.58	-675.08	-61142.43	-70406.42	-4.93	-2590.91	-38603.5	-55832.98	-330414	
3	922.57	3391.84	3788.33	0	0	3230.1	-4625.62	-56.23	-13060.57	-56917.62	-29.45	-2186.62	-46960.11	-56607.64	-245573.04	
3	-872.37	3457.96	3864.6	0	0	336.49	3849.25	3247.11	-13603.12	-58766.09	-5.41	-1113.97	-44497.25	-52207.67	-248486.35	
3	980.79	2650.13	2963.14	0	0	-44.3	-6395.73	538.29	-20578.53	-51971.91	-27.68	-33491.34	-42892.31	-47319.9	-219348.39	
3	-146.7	3130.96	3594.1	0	0	1855.74	-6083.42	-7047.78	-21411.12	-68206.82	13.54	3524.26	-45658.64	-53906.66	-279185.61	
3	1715.72	3220.3	3601.35	0	0	-4387.96	-7639.25	2489.72	-16149.19	-59467.66	-9.39	7172.34	-38774.49	-51528.93	-255311.3	
3	1055.15	3428.27	3835.19	0	0	4068.88	8491.08	-5124.33	-32558.5	-86054.19	4.64	-261.73	-58524.88	-58194.39	-293952.32	
3	-355.06	3488.45	3877.11	0	0	-2888.77	8156.23	3701.68	-7732.76	-55771.99	-9.42	-26.01	-39025.83	-49909.97	-245276.76	
3	1245.18	2668.76	3090.08	0	0	-93.94	-6828.89	-10996.2	-24493.73	-59169.52	-5.25	-1424.53	-50264.19	-85268.1	-269719.85	
3	-1198.14	2558.99	3098.46	0	0	-1297.94	-11576.53	-13861.42	-51149.38	-77035.74	33.78	-9995.23	-46301.89	-55012.67	-318044.15	
3	1341.6	2881.97	3206.35	0	0	240.8	-8725.47	7735.58	-12648.66	-52619.72	19.87	869.15	-40308.02	-50268.66	-227476.64	
3	-647.88	3162.63	3754.72	0	0	-6040.84	-12301.51	-6713.11	-44379.33	-92854.78	18.77	-6852.94	-55174.28	-63516.04	-304706.34	
3	-123.26	2527.16	2956.48	0	0	4364.18	6361.13	-15982.68	-35819.19	-61427.64	-0.81	-25710.33	-42891.42	-53712.35	-272372.62	
3	738.39	2709.37	3169.9	0	0	1429.68	6114.18	-8842.63	-35219.06	-66212.61	-19.3	666.3	-45478.15	-55283.34	-275559.56	
3	1932.89	3549.17	3881.49	0	0	5821.9	7639.04	14486.76	-11101.53	-51103.72	1.78	-2279.24	-45052.22	-48632.54	-236853.31	
3	-105.57	2419.83	2885.82	0	0	4042.86	1451.51	-13641.19	-48613.49	-67660.25	-13.79	566.99	-43689.96	-56828.68	-323889.79	
3	1835.02	3232.37	3424.21	0	0	-173.37	688.56	15473.4	-10608.14	-49391.17	-8.93	-758.85	-43226.33	-47360.17	-231313.06	
3	2274.96	2944.58	3343.92	0	0	-3024.96	866.75	4082.55	-20293.05	-57567.44	17.88	-5740.92	-47298.24	-51484.12	-263921.04	
3	-2353.95	2725.82	3310.57	0	0	-5424.03	7796.01	-13180.33	-33630.76	-66961.09	-1.36	-13549.93	-40725.66	-48882.24	-276268.95	
3	755.06	3819.13	4208.79	0	0	-156.16	8380.62	-1756.19	-12063.17	-62294.3	4.8	-1464.1	-47540.06	-53050.96	-251255.02	
3	-471.17	2647.1	3160.27	0	0	450.03	-3486.9	-20595.6	-45774.14	-72910.44	-23.58	-997.56	-47850.79	-56536.95	-315040.35	
3	654.85	2729.36	3139.3	0	0	2930.19	3614.31	-228.45	-20899.31	-56877.34	3	28741.57	-49071.51	-49747.18	-267622.38	
3	-973.98	2956.79	3445.12	0	0	-3060.76	-9785.45	3620.21	-25065.69	-67969.26	-26.56	9698.94	-56614.99	-55754.78	-277583.04	
3	909.35	2623.48	3050.72	0	0	2177.37	6941.25	-4674.91	-28252.47	-58417.58	13.2	30651.3	-45963.65	-48658.25	-269766.73	
3	2165.97	3132.85	3593.06	0	0	6.86	-7991.95	-11126.1	-34765.14	-77553.73	-7.47	-4036.39	-43518.56	-63421	-288469.46	
3	1659.69	2987.61	3465.8	0	0	-2528.35	4878.38	-3520.13	-38286.93	-79416.03	5.62	449.01	-48184.45	-57392.37	-295051.66	
3	1831.79	3716.74	4118.35	0	0	2114.54	1239.34	-401.88	-27749.22	-80159.49	20.59	-6721.26	-46734.74	-58486.83	-288218	
3	1182.68	3842.77	4209.06	0	0	589.8	-7792.91	18384.44	-9756.48	-58771.83	8.2	-108.01	-43892.68	-52829.7	-249186.08	
3	2289.66	3187.47	3638.51	0	0	-912.54	2704.58	-75.89	-39860.94	-80227.66	-7.98	-2975.8	-61330.19	-60262.83	-290975.44	
3	-329.45	3256.99	3769.6	0	0	5424.03	3282.27	-7828.44	-43178.61	-91511.35	2	-4554.57	-48314.29	-66517.29	-302291.1	
3	-131.72	2310.63	2714.76	0	0	1620.27	1003.71	-13571.78	-25262.99	-48537.6	18.57	1558.14	-38794.47	-43069.6	-208233.47	
3	955.65	3777.22	4168.74	0	0	-538.47	13816.13	6947.48	-12962.64	-61848.63	3.55	19.38	-50489.14	-51888.31	-251313.41	
3	603.08	2926.33	3287.16	0	0	624.95	9824.95	-22365.86	-53369.09	-84913.53	-7.1	-3171.55	-47041.45	-56345.44	-312457.6	
3	489.31	2749.99	3192.62	0	0	53.57	-2182.59	2156.63	-24579.35	-59725.89	21.87	-7754.52	-33200.3	9396.51	-269779.51	
3	-360.08	2992.82	3483.18	0	0	313.22	-7584.21	-1280.9	-30478.05	-71897.23	-13.73	1897.59	-44087.81	-57200.5	-282119.15	
3	924.62	2398.62	2767.89	0	0	1152.98	6501.57	-16319.61	-52690.59	-68313.77	5.01	-2345.37	-47796.74	-56874.42	-326600.65	
3	1607.15	2512.55	2873.59	0	0	-2018.26	-8882.86	-6710.41	-29532.64	-54660.18	-24.48	5078.17	-40405.6	-49421.12	-267194.68	
3	871.37	2046.17	2456.1	0	0	-2599.03	-9621.49	-14876.39	-23956.28	-41385.32	11.89	6736.08	-29409.96	-42515.93	-199668.53	
3	673.85	2034.29	2451.97	0	0	874.89	-5687.83	-17707.36	-20589.3	-41614.5	-6.39	-3228.21	-42079.18	-39215.32	-199699.35	
3	-227.28	2527.37	2935.84	0	0	5447.96	-15708.55	-21160.49	-60996.23	-75217.92	16.1	-4512.39	-43459.36	-55809.22	-322748.62	
3	2919.12	3211.54	3670.39	0	0	-1127.51	2857.2	-8188.63	-35543.6	-79429.14	13.82	-4796.91	-41114.79	-53653.03	-289399.89	
3	1717.49	3795.11	4197.49	0	0	-3246	-10085.38	-6633.11	-26574.36	-79471.26	1.45	-12973.09	-52468.31	-59916.67	-287037.13	
3	-120.81	2868.85	3360.03	0	0	-922.69	1085.08	-10954.1	-37739.05	-76304.22	-2.02	-2450.47	-50504.12	-56124.11	-298323.53	
3	634.61	2681.23	3128.21	0	0	-1659.23	-1420.98	-2773.93	-30076.05	-61903.74	-10.59	-29451.25	-19395.02	-54958.75	-271526.01	
3	-862.35	3143.67	3687.39	0	0	-1189.43	-7108.7	-17107.59	-45016.82	-90577.37	-3.59	2586.94	-50696.61	-58240.36	-304561.23	
3	1576.98	3878.54	4278.67	0	0	1219.01	-2875.92	-7260.16	-17733.47	-71470.66	-1.63	-3337.04	-38959.44	-55070.82	-257304.24	
3	1756.88	2812	3246.78	0	0	-597.73	-1020.59	-7717.09	-21115.82	-59620.23	-13.28	-14353.84	-28608.95	-47603.19	-268635.25	
3	-446.91	2141.88	2550.25	0	0	-1990.29	-15346.8	-1224.29	-18600.59	-39599.79	-12.56	-1511.75	-31602.1	-37569.62	-202897.48	
3	-893.86	2669.58	2993.49	0	0	-1539.06	11571.89	1444.05	-15373.03	-47239.29	-4.78	-7550.45	-38686.6	-49158.85	-222995.31	
3	1645.98	3415.8	3824.43	0	0	-4175.49	-8205.8	3349.82	-38765.77	-88467.61	-7.05	-1481.64	-58885.97	-59614.33	-297292.52	
3	-414.21	2367.26	2797.92	0	0	-2785.77	4986.68	-12383.98	-57377.69	-73478.42	-9.57	-6844.82	-65387.06	-55601.5	-327559.65	
3	1350.8	3057	3411.91	0	0	-4446.32	-1049.29	4805.91	-13795.62	-54915.9	15.26	6400.63	-38658.41	-46772.04	-240189.31	
3	164.22	3212.06	3535.69	0	0	-1755.22	-3989.46	-3164.49	-10212.08	-52840.01	-12.68	1305.08	-45785.51	-60628.44	-237556.91	
3	1128.08	2448.13	2855.01	0	0	-3462.62	-2903.25	-13825.26	-47544.16	-70861.4	5.57	-2021.17	-69444.08	-54738.45	-325026.67	
3	-831.8	2099.83	2516.36	0	0	-2329.04	-7036.65	1476.36	-48572.05	-62958.64	2.22	-3199.68	-31097.54	-54112.44	-330965.28	
3	1769.7	2997.78	3469.51	0	0	-1112.54	-10719.49	-8908.72	-45021.4	-80204.32	0.99	-9179.12	-56062.93	-48954.96	-296480.96	
3	651.28	2471.37	2821.49	0	0	-3808.49	2758.05	-7107.04	-16526.03	-45457.41	2.58	-2460.48	-36034.73	-44738.34	-216263.11	
3	28.43	2756.65	3197.84	0	0	-265.74	379.18	-16595.78	-52365.14	-81133.98	-2.44	-7582.66	-47346.22	-76221.4	-315013.35	
3	1500.18	3074.96	3519.86	0	0	813.95	-2045.93	-16852.93	-42610.32	-84588.66	-7.78	-4701.4	-52743.4	-55222.77	-301151.92	
3	-532.19	2819.75	3327.8	0	0	-3096.89	-6287.54	-6608.01	-27485.59	-64602.44	-15.59	-32249.83	-36233.36	-51734.4	-273185.96	
3	147.68	3608.03	3997.27	0	0	3134.65	6147.55	6947.09	-6067.92	-57530.92	1.13	5267.57	-47649.02	-46810.88	-247035.91	
3	2829.6	3779.66	4172.93	0	0	-4965.79	-15211.16	-1568.58	-15947.72	-69972.7	-10.41	-1414.99	-53323.18	-53645.6	-256522.15	
3	-652.71	3524.22	3922.64	0	0	-1382.72	-6356.71	-3693.34	-12415.28	-57814.03	3.03	3660.66	-46280.91	-50763.67	-246933.93	
3	-183.09	3180.8	3501.83	0	0	-4661.09	-2547.25	8267.69	-9993.96	-52087.5	-4.04	26306.08	-70810.11	-47434.23	-234812.18	
3	-1193.34	2515.29	3061.5	0	0	-1241.4	-3477.58	-19793.26	-52224.55	-73132.43	-7.65	-1647.79	-45517.24	-54004.99	-319087.11	
4	803.67	-1572.71	-3592.58	0	0	-4179.68	3766.47	-8254.01	-37018.29	-27739.55	0.98	2524.33	53766.29	55909.34	283638.54	
4	-68.57	3894.17	4522.78	0	0	-1931.6	-2653.15	2908.37	-41102.68	-102555.43	-1.07	-5209.95	-56188.07	-60165.28	-303706.7	
4	-3325.22	-4803.97	-5113.01	0	0	-2429.45	-6773.89	8341.25	26045.02	31482.32	2.12	5187.02	28079.7	33308.44	182862.56	
4	43.96	-5146.37	-4922.52	0	0	-3762.63	5022.02	-2589.32	1913.4	28560.4	-0.17	-1460.53	-6321.33	-11497.57	-76094.28	
4	-3283.9	-3938.09	-4269.2	0	0	-6401.54	-2826.01	10869.47	54096.32	73450.57	-9.79	1882.45	24288.12	25974.7	178074.49	
4	-1958.34	-4332.41	-4672.99	0	0	1487.41	-11461.45	-28467.98	-42838.12	-37949.85	4.27	6929.62	51657.85	64548.62	346250.51	
4	602.33	3996.01	4300.44	0	0	5793.11	17810.76	20931.47	-5595.06	-49343.29	1.16	-2078.14	-33190.77	-46061.1	-235350.13	
4	190.25	4037.42	4330.96	0	0	6462.61	5119.31	27581.02	-5843.29	-44736.54	13.39	-740.13	-38838.83	-45890.9	-234037.3	
4	1339.26	4569.39	4867.1	0	0	-1684.12	5641.29	34851.7	-3218.59	-37980.69	-11.24	-4217.66	-40306.22	-45341.7	-232621.77	
4	-490.03	-2795.43	-1772.03	0	0	-345.86	9780.72	18118.98	-3372.34	-5405.05	-6.03	-2805.29	35380.91	50581.64	218590.91	
																
																
																
																
																
																
																
																
																
																
																
																
																
																
																
																
																
																
																
																
																
																
																
																
																
																
																
																
																
																
																
																
																
																
																
																
																
																
																
																
																
																
																
																
																
																
																
																
																
																
																
																
																
																
																
																
																
																
																
																
																
																
																
																
																
																
																
																
																
																
																
																
																
																
																
																
																
																
																
																
																
																
																
																
																
																
																
																
																
																
																
																
																
																
																
																
																
																
																
																
																
																
																
																
																
																
																
																
																
																
																
																
																
																
																
																
																
																
																
																
																
																
																
																
																
																
																
																
																
																
																
																
																
																
																
																
																
																
																
																
																
																
																
																
																
																
																
																
																
																
																
																
																
																
																
																
																
																
																
																
																
																
																
																
																
																
																
																
																
																
																
																
																
																
																
																
																
																
																
																
																
																
																
																
																
																
																
																
																
																
																
																
																
																
																
																
																
																
																
																
																
																
																
																
																
																
																
																
																
																
																
																
																
																
																
																
																
																
																
																
																
																
																
																
																
																
																
																
																
																
																
																
																
																
																
																
																
																
																
																
																
																
																
																
																
																
																
																
																
																
																
																
																
																
																
																
																
																
																
																
																
																
																
																
																
																
																
																
																
																
																
																
																
																
																
																
																
																
																
																
																
																
																
																
																
																
																
																
																
																
																
																
																
																
																
																
																
																
																
																
																
																
																
																
																
																
																
																
																
																
																
																
																
																
																
																
																
																
																
																
																
																
																
																
																
																
																
																
																
																
																
																
																
																
																
																
																
																
																
																
																
																
																
																
																
																
																
																
																
																
																
																
																
																
																
																
																
																
																
																
																
																
																
																
																
																
																
																
																
																
																
																
																
																
																
																
																
																
																
																
																
																
																
																
																
																
																
																
																
																
																
																
																
																
																
																
																
																
																
																
																
																
																
																
																
																
																
																
																
																
																
																
																
																
																
																
																
																
																
																
																
																
																
																
																
																
																
																
																
																
																
																
																
																
																
																
																
																
																
																
																
																
																
																
																
																
																
																
																
																
																
																
																
																
																
																
																
																
																
																
																
																
																
																
																
																
																
																
																
																
																
																
																
																
																
																
																
																
																
																
																
																
																
																
																
																
																
																
																
																
																
																
																
																
																
																
																
																
																
																
																
																
																
																
																
																
																
																
																
																
																
																
																
																
																
																
																
																
																
																
																
																
																
																
																
																
																
																
																
																
																
																
																
																
																
																
																
																
																
																
																
																
																
																
																
																
																
																
																
																
																
																
																
																
																
																
																
																
																
																
																
																
																
																
																
																
																
																
																
																
																
																
																
																
																
																
																
																
																
																
																
																
																
																
																
																
																
																
																
																
																
																
																
																
																
																
																
																
																
																
																
																
																
																
																
																
																
																
																
																
																
																
																
																
																
																
																
																
																
																
																
																
																
																
																
																
																
																
																
																
																
																
																
																
																
																
																
																
																
																
																
																
																
																
																
																
																
																
																
																
																
																
																
																
																
																
																
																
																
																
																
																
																
																
																
																
																
																
																
																
																
																
																
																
																
																
																
																
																
																
																
																
																
																
																
																
																
																
																
																
																
																
																
																
																
																
																
																
																
																
																
																
																
																
																
																
																
																
																
																
																
																
																
																
																
																
																
																
																
																
																
																
																
																
																
																
																
																
																
																
																
																
																
																
																
																
																
																
																
																
																
																
																
																
																
																
																
																
																
																
																
																
																
																
																
																
																
																
																
																
																
																
																
																
																
																
																
																
																
																
																
																
																
																
																
																
																
																
																
																
																
																
																
																
																
																
																
																
																
																
																
																
																
																
																
																
																
																
																
																
																
																
																
																
																
																
																
																
																
																
																
																
																
																
																
																
																
																
																
																
																
																
																
																
																
																
																
																
																
																
																
																
																
																
																
																
																
																
																
																
																
																
																
																
																
																
																
																
																
																
																
																
																
																
																
																
																
																
																
																
																
																
																
																
																
																
																
																
																
																
																
																
																
																
																
																
																
																
																
																
																
																
																
																
																
																
																
																
																
																
																
																
																
																
																
																
																
																
																
																
																
																
																
																
																
																
																
																
																
																
																
																
																
																
																
																
																
																
																
																
																
																
																
																
																
																
																
																
																
																
																
																
																
																
																
																
																
																
																
																
																
																
																
																
																
																
																
																
																
																
																
																
																
																
																
																
																
																
																
																
																
																
																
																
																
																
																
																
																
																
																
																
																
																
																
																
																
																
																
																
																
																
																
																
																
																
																
																
																
																
																
																
																
																
																
																
																
																
																
																
																
																
																
																
																
																
																
																
																
																
																
																
																
																
																
																
																
																
																
																
																
																
																
																
																
																
																
																
																
																
																
																
																
																
																
																
																
																
																
																
																
																
																
																
																
																
																
																
																
																
																
																
																
																
																
																
																
																
																
																
																
																
																
																
																
																
																
																
																
																
																
																
																
																
																
																
																
																
																
																
																
																
																
																
																
																
																
																
																
																
																
																
																
																
																
																
																
																
																
																
